#Data provided by Anders Svensson, 24/10/2012.
0.00	-34.03
0.55	-32.71
1.10	-35.66
1.65	-35.26
2.20	-37.29
2.75	-36.15
3.30	-39.21
3.85	-33.91
4.40	-36.79
4.95	-34.97
5.50	-34.07
6.05	-39.85
6.60	-36.45
7.15	-34.65
7.70	-35.00
8.25	-34.07
8.80	-36.79
9.35	-35.90
9.90	-36.62
10.45	-34.49
11.00	-33.25
11.55	-35.52
12.10	-35.35
12.65	-34.81
13.20	-35.43
13.75	-34.20
14.30	-35.36
14.85	-35.00
15.40	-35.04
15.95	-35.57
16.50	-33.78
17.05	-35.15
17.60	-35.71
18.15	-34.64
18.70	-34.58
19.25	-36.56
19.80	-35.64
20.35	-33.27
20.90	-35.58
21.45	-34.64
22.00	-34.98
22.55	-33.70
23.10	-35.61
23.65	-31.25
24.20	-34.55
24.75	-36.73
25.30	-36.19
25.85	-34.41
26.40	-35.86
26.95	-33.94
27.50	-36.11
28.05	-35.90
28.60	-33.00
29.15	-34.00
29.70	-35.09
30.25	-33.32
30.80	-33.65
31.35	-35.75
31.90	-35.89
32.45	-34.38
33.00	-33.75
33.55	-34.22
34.10	-36.49
34.65	-34.71
35.20	-36.57
35.75	-36.32
36.30	-34.51
36.85	-33.48
37.40	-34.32
37.95	-35.18
38.50	-34.34
39.05	-33.49
39.60	-35.84
40.15	-36.09
40.70	-36.30
41.25	-36.02
41.80	-34.87
42.35	-35.33
42.90	-35.25
43.45	-34.62
44.00	-34.50
44.55	-34.76
45.10	-35.04
45.65	-35.61
46.20	-35.37
46.75	-35.22
47.30	-36.25
47.85	-38.32
48.40	-35.84
48.95	-33.86
49.50	-34.78
50.05	-35.84
50.60	-36.10
51.15	-35.48
51.70	-35.70
52.25	-36.40
52.80	-35.30
53.35	-34.47
53.90	-36.20
54.45	-35.13
55.00	-32.81
55.55	-35.01
56.10	-36.12
56.65	-36.04
57.20	-34.59
57.75	-35.07
58.30	-35.76
58.85	-35.95
59.40	-35.20
59.95	-35.46
60.50	-36.78
61.05	-36.70
61.60	-33.82
62.15	-35.52
62.70	-33.85
63.25	-35.56
63.80	-34.93
64.35	-34.95
64.90	-34.54
65.45	-34.98
66.00	-36.00
66.55	-36.59
67.10	-36.32
67.65	-36.48
68.20	-36.12
68.75	-34.87
69.30	-35.69
69.85	-36.36
70.40	-36.22
70.95	-33.76
71.50	-35.19
72.05	-35.62
72.60	-36.96
73.15	-37.02
73.70	-35.40
74.25	-34.27
74.80	-34.62
75.35	-35.47
75.90	-35.37
76.45	-34.65
77.00	-37.32
77.55	-35.88
78.10	-37.16
78.65	-36.05
79.20	-36.80
79.75	-35.87
80.30	-35.45
80.85	-35.30
81.40	-35.39
81.95	-35.33
82.50	-34.72
83.05	-35.79
83.60	-35.79
84.15	-35.78
84.70	-34.36
85.25	-36.49
85.80	-35.54
86.35	-35.85
86.90	-36.54
87.45	-36.39
88.00	-37.34
88.55	-35.28
89.10	-36.33
89.65	-35.79
90.20	-36.58
90.75	-35.23
91.30	-34.68
91.85	-33.83
92.40	-35.03
92.95	-35.56
93.50	-34.74
94.05	-35.66
94.60	-35.91
95.15	-35.90
95.70	-35.61
96.25	-33.86
96.80	-35.72
97.35	-36.44
97.90	-35.48
98.45	-36.11
99.00	-35.89
99.55	-34.35
100.10	-35.27
100.65	-36.51
101.20	-34.97
101.75	-35.63
102.30	-33.39
102.85	-35.34
103.40	-36.12
103.95	-35.30
104.50	-34.99
105.05	-35.87
105.60	-36.26
106.15	-35.71
106.70	-35.22
107.25	-35.73
107.80	-36.12
108.35	-33.43
108.90	-36.63
109.45	-36.28
110.00	-35.98
110.55	-34.89
111.10	-36.11
111.65	-35.60
112.20	-35.43
112.75	-36.45
113.30	-34.61
113.85	-34.16
114.40	-34.89
114.95	-33.70
115.50	-35.52
116.05	-35.61
116.60	-35.14
117.15	-35.63
117.70	-35.32
118.25	-34.39
118.80	-34.50
119.35	-34.87
119.90	-35.60
120.45	-35.32
121.00	-35.83
121.55	-36.24
122.10	-36.41
122.65	-35.73
123.20	-35.80
123.75	-35.22
124.30	-34.78
124.85	-35.01
125.40	-33.90
125.95	-35.80
126.50	-35.96
127.05	-35.10
127.60	-35.73
128.15	-34.72
128.70	-35.72
129.25	-34.47
129.80	-35.53
130.35	-35.55
130.90	-34.31
131.45	-34.64
132.00	-34.13
132.55	-35.85
133.10	-34.45
133.65	-35.08
134.20	-36.10
134.75	-35.63
135.30	-33.72
135.85	-35.32
136.40	-35.09
136.95	-34.92
137.50	-35.17
138.05	-36.78
138.60	-36.13
139.15	-36.14
139.70	-35.01
140.25	-34.24
140.80	-35.23
141.35	-34.26
141.90	-35.59
142.45	-34.38
143.00	-35.47
143.55	-36.65
144.10	-35.98
144.65	-34.65
145.20	-34.82
145.75	-34.13
146.30	-34.36
146.85	-35.91
147.40	-37.22
147.95	-37.18
148.50	-37.28
149.05	-35.87
149.60	-35.85
150.15	-35.61
150.70	-36.43
151.25	-34.87
151.80	-34.58
152.35	-34.66
152.90	-35.53
153.45	-34.23
154.00	-34.75
154.55	-35.64
155.10	-36.40
155.65	-34.55
156.20	-35.18
156.75	-35.23
157.30	-34.57
157.85	-34.98
158.40	-34.71
158.95	-36.66
159.50	-35.02
160.05	-36.84
160.60	-34.73
161.15	-35.68
161.70	-36.70
162.25	-35.26
162.80	-34.99
163.35	-36.20
163.90	-36.00
164.45	-35.64
165.00	-34.19
165.55	-35.86
166.10	-35.75
166.65	-35.24
167.20	-35.12
167.75	-34.95
168.30	-35.99
168.85	-34.81
169.40	-35.93
169.95	-35.24
170.50	-34.05
171.05	-34.93
171.60	-36.24
172.15	-35.59
172.70	-35.84
173.25	-35.85
173.80	-35.72
174.35	-35.04
174.90	-36.73
175.45	-35.46
176.00	-34.57
176.55	-36.17
177.10	-34.59
177.65	-36.24
178.20	-33.55
178.75	-37.00
179.30	-36.66
179.85	-36.46
180.40	-35.32
180.95	-35.73
181.50	-35.71
182.05	-33.85
182.60	-35.56
183.15	-36.25
183.70	-36.06
184.25	-35.92
184.80	-34.49
185.35	-33.43
185.90	-35.44
186.45	-35.64
187.00	-35.27
187.55	-36.42
188.10	-36.05
188.65	-35.41
189.20	-34.79
189.75	-35.57
190.30	-35.75
190.85	-34.84
191.40	-35.32
191.95	-35.08
192.50	-35.58
193.05	-34.84
193.60	-35.06
194.15	-35.81
194.70	-34.81
195.25	-35.39
195.80	-34.72
196.35	-35.87
196.90	-35.69
197.45	-35.89
198.00	-34.94
198.55	-36.69
199.10	-35.04
199.65	-34.96
200.20	-36.27
200.75	-35.21
201.30	-36.18
201.85	-35.59
202.40	-36.20
202.95	-34.76
203.50	-37.38
204.05	-35.39
204.60	-35.14
205.15	-36.33
205.70	-34.83
206.25	-34.98
206.80	-33.90
207.35	-34.59
207.90	-35.78
208.45	-35.87
209.00	-35.61
209.55	-34.64
210.10	-34.63
210.65	-35.20
211.20	-34.76
211.75	-34.46
212.30	-35.64
212.85	-35.69
213.40	-35.84
213.95	-35.22
214.50	-33.52
215.05	-34.69
215.60	-34.88
216.15	-34.88
216.70	-35.50
217.25	-34.53
217.80	-35.23
218.35	-34.67
218.90	-34.37
219.45	-33.89
220.00	-34.64
220.55	-34.24
221.10	-37.14
221.65	-36.20
222.20	-34.94
222.75	-36.64
223.30	-34.84
223.85	-34.47
224.40	-35.48
224.95	-36.52
225.50	-35.02
226.05	-35.58
226.60	-36.32
227.15	-34.58
227.70	-35.72
228.25	-36.00
228.80	-36.18
229.35	-36.54
229.90	-35.75
230.45	-34.83
231.00	-36.08
231.55	-34.21
232.10	-34.86
232.65	-35.47
233.20	-34.88
233.75	-36.58
234.30	-36.13
234.85	-35.77
235.40	-36.06
235.95	-35.18
236.50	-34.55
237.05	-36.39
237.60	-35.42
238.15	-35.38
238.70	-35.80
239.25	-35.30
239.80	-33.33
240.35	-34.61
240.90	-35.56
241.45	-37.27
242.00	-34.63
242.55	-35.99
243.10	-36.64
243.65	-34.81
244.20	-35.37
244.75	-35.22
245.30	-35.42
245.85	-34.94
246.40	-35.61
246.95	-35.84
247.50	-35.24
248.05	-34.29
248.60	-34.38
249.15	-35.86
249.70	-35.89
250.25	-35.04
250.80	-35.77
251.35	-35.84
251.90	-35.91
252.45	-34.81
253.00	-34.35
253.55	-34.29
254.10	-36.75
254.65	-35.59
255.20	-34.34
255.75	-34.36
256.30	-34.80
256.85	-35.96
257.40	-35.08
257.95	-35.21
258.50	-35.81
259.05	-35.56
259.60	-34.83
260.15	-35.58
260.70	-35.76
261.25	-35.05
261.80	-35.69
262.35	-34.78
262.90	-35.53
263.45	-35.11
264.00	-35.33
264.55	-36.58
265.10	-36.70
265.65	-34.80
266.20	-34.94
266.75	-33.85
267.30	-34.73
267.85	-33.98
268.40	-34.75
268.95	-34.66
269.50	-34.84
270.05	-35.39
270.60	-34.86
271.15	-33.36
271.70	-36.27
272.25	-35.74
272.80	-35.15
273.35	-35.56
273.90	-34.96
274.45	-35.48
275.00	-34.46
275.55	-36.16
276.10	-34.94
276.65	-35.20
277.20	-34.68
277.75	-35.29
278.30	-36.19
278.85	-34.42
279.40	-35.22
279.95	-35.04
280.50	-35.16
281.05	-36.23
281.60	-34.61
282.15	-34.98
282.70	-35.68
283.25	-34.40
283.80	-35.38
284.35	-36.88
284.90	-34.51
285.45	-33.95
286.00	-34.13
286.55	-34.69
287.10	-33.48
287.65	-34.53
288.20	-34.46
288.75	-35.98
289.30	-35.82
289.85	-35.36
290.40	-37.32
290.95	-35.46
291.50	-35.35
292.05	-35.71
292.60	-33.82
293.15	-34.04
293.70	-36.07
294.25	-35.27
294.80	-36.07
295.35	-35.95
295.90	-35.92
296.45	-35.52
297.00	-34.80
297.55	-35.77
298.10	-36.51
298.65	-35.81
299.20	-36.65
299.75	-35.19
300.30	-36.58
300.85	-35.96
301.40	-35.43
301.95	-33.53
302.50	-35.50
303.05	-35.45
303.60	-35.27
304.15	-34.54
304.70	-35.11
305.25	-34.97
305.80	-36.30
306.35	-36.44
306.90	-35.33
307.45	-35.65
308.00	-35.59
308.55	-36.41
309.10	-35.74
309.65	-35.28
310.20	-34.31
310.75	-34.70
311.30	-33.77
311.85	-34.11
312.40	-35.14
312.95	-34.56
313.50	-35.53
314.05	-35.53
314.60	-34.38
315.15	-34.63
315.70	-33.99
316.25	-34.34
316.80	-34.25
317.35	-34.86
317.90	-34.36
318.45	-35.51
319.00	-35.92
319.55	-36.04
320.10	-35.76
320.65	-35.63
321.20	-34.86
321.75	-35.83
322.30	-36.18
322.85	-35.83
323.40	-36.64
323.95	-35.50
324.50	-35.71
325.05	-34.82
325.60	-36.02
326.15	-35.01
326.70	-35.62
327.25	-35.92
327.80	-35.97
328.35	-35.02
328.90	-34.14
329.45	-36.22
330.00	-34.25
330.55	-35.58
331.10	-35.83
331.65	-36.43
332.20	-35.78
332.75	-36.02
333.30	-34.73
333.85	-35.72
334.40	-35.02
334.95	-35.08
335.50	-33.95
336.05	-33.93
336.60	-35.99
337.15	-36.40
337.70	-34.59
338.25	-34.70
338.80	-35.09
339.35	-35.96
339.90	-36.05
340.45	-36.44
341.00	-35.74
341.55	-35.58
342.10	-36.78
342.65	-36.17
343.20	-35.36
343.75	-35.65
344.30	-35.34
344.85	-35.59
345.40	-35.21
345.95	-35.78
346.50	-35.84
347.05	-34.81
347.60	-35.43
348.15	-35.36
348.70	-35.64
349.25	-35.27
349.80	-35.55
350.35	-35.49
350.90	-34.07
351.45	-33.84
352.00	-36.12
352.55	-37.02
353.10	-36.21
353.65	-34.57
354.20	-36.25
354.75	-35.52
355.30	-34.32
355.85	-33.34
356.40	-36.08
356.95	-35.17
357.50	-35.23
358.05	-34.86
358.60	-34.63
359.15	-36.22
359.70	-36.26
360.25	-35.46
360.80	-34.01
361.35	-35.55
361.90	-34.51
362.45	-33.30
363.00	-35.51
363.55	-34.20
364.10	-35.15
364.65	-36.15
365.20	-35.24
365.75	-34.02
366.30	-34.63
366.85	-34.52
367.40	-35.21
367.95	-34.69
368.50	-33.64
369.05	-35.36
369.60	-34.10
370.15	-34.11
370.70	-33.86
371.25	-34.42
371.80	-33.75
372.35	-35.38
372.90	-35.28
373.45	-35.68
374.00	-34.42
374.55	-34.55
375.10	-34.49
375.65	-35.09
376.20	-34.96
376.75	-35.97
377.30	-36.34
377.85	-35.65
378.40	-35.07
378.95	-36.43
379.50	-34.78
380.05	-35.65
380.60	-34.71
381.15	-35.17
381.70	-33.68
382.25	-34.73
382.80	-35.34
383.35	-34.54
383.90	-36.12
384.45	-35.89
385.00	-35.43
385.55	-33.71
386.10	-34.62
386.65	-34.84
387.20	-34.19
387.75	-35.60
388.30	-35.14
388.85	-35.23
389.40	-35.10
389.95	-35.43
390.50	-35.71
391.05	-35.82
391.60	-35.34
392.15	-34.27
392.70	-33.67
393.25	-34.68
393.80	-35.61
394.35	-35.49
394.90	-34.85
395.45	-35.15
396.00	-34.13
396.55	-35.17
397.10	-35.36
397.65	-35.56
398.20	-33.94
398.75	-36.36
399.30	-33.82
399.85	-34.19
400.40	-35.92
400.95	-35.43
401.50	-36.84
402.05	-34.19
402.60	-35.40
403.15	-35.47
403.70	-35.96
404.25	-35.41
404.80	-34.86
405.35	-35.18
405.90	-34.18
406.45	-34.92
407.00	-35.66
407.55	-35.95
408.10	-35.27
408.65	-36.73
409.20	-36.97
409.75	-35.97
410.30	-35.41
410.85	-35.48
411.40	-36.05
411.95	-35.76
412.50	-35.74
413.05	-35.47
413.60	-35.83
414.15	-36.12
414.70	-35.97
415.25	-34.06
415.80	-34.66
416.35	-36.37
416.90	-35.62
417.45	-34.19
418.00	-35.62
418.55	-35.06
419.10	-34.46
419.65	-35.24
420.20	-35.49
420.75	-35.47
421.30	-35.16
421.85	-33.83
422.40	-35.26
422.95	-35.51
423.50	-35.59
424.05	-34.65
424.60	-34.33
425.15	-34.36
425.70	-34.08
426.25	-34.68
426.80	-34.51
427.35	-34.78
427.90	-33.41
428.45	-35.49
429.00	-35.84
429.55	-35.33
430.10	-34.14
430.65	-35.08
431.20	-34.98
431.75	-34.83
432.30	-35.88
432.85	-34.08
433.40	-35.11
433.95	-35.31
434.50	-34.75
435.05	-34.35
435.60	-35.49
436.15	-33.85
436.70	-35.89
437.25	-35.63
437.80	-35.33
438.35	-35.28
438.90	-35.18
439.45	-35.53
440.00	-33.81
440.55	-35.40
441.10	-34.67
441.65	-35.41
442.20	-35.93
442.75	-35.64
443.30	-34.54
443.85	-35.80
444.40	-34.26
444.95	-33.37
445.50	-35.28
446.05	-34.45
446.60	-36.71
447.15	-35.83
447.70	-33.97
448.25	-33.63
448.80	-34.64
449.35	-36.53
449.90	-34.99
450.45	-34.32
451.00	-34.14
451.55	-35.24
452.10	-34.47
452.65	-34.28
453.20	-36.09
453.75	-35.06
454.30	-35.32
454.85	-34.50
455.40	-35.80
455.95	-36.09
456.50	-34.94
457.05	-35.89
457.60	-36.03
458.15	-35.17
458.70	-36.05
459.25	-36.21
459.80	-36.05
460.35	-35.73
460.90	-36.16
461.45	-35.49
462.00	-36.00
462.55	-34.76
463.10	-34.31
463.65	-36.14
464.20	-36.08
464.75	-35.97
465.30	-34.62
465.85	-36.06
466.40	-35.24
466.95	-34.15
467.50	-35.31
468.05	-34.39
468.60	-34.35
469.15	-36.16
469.70	-34.32
470.25	-33.60
470.80	-35.40
471.35	-36.52
471.90	-36.08
472.45	-34.87
473.00	-34.08
473.55	-34.48
474.10	-36.18
474.65	-34.65
475.20	-35.46
475.75	-34.87
476.30	-35.20
476.85	-35.12
477.40	-36.26
477.95	-36.06
478.50	-35.31
479.05	-33.93
479.60	-35.11
480.15	-34.96
480.70	-36.01
481.25	-35.94
481.80	-33.55
482.35	-35.49
482.90	-36.10
483.45	-34.55
484.00	-36.21
484.55	-34.66
485.10	-35.33
485.65	-34.78
486.20	-34.99
486.75	-34.92
487.30	-34.54
487.85	-36.19
488.40	-35.34
488.95	-34.69
489.50	-35.33
490.05	-35.51
490.60	-35.16
491.15	-35.71
491.70	-34.88
492.25	-36.95
492.80	-35.46
493.35	-33.92
493.90	-36.10
494.45	-35.43
495.00	-34.23
495.55	-35.23
496.10	-34.87
496.65	-35.22
497.20	-35.69
497.75	-35.97
498.30	-34.81
498.85	-35.94
499.40	-34.36
499.95	-36.12
500.50	-35.16
501.05	-34.21
501.60	-35.37
502.15	-35.20
502.70	-34.87
503.25	-34.42
503.80	-34.90
504.35	-35.01
504.90	-35.80
505.45	-34.85
506.00	-35.15
506.55	-33.77
507.10	-35.10
507.65	-35.54
508.20	-35.14
508.75	-33.33
509.30	-34.71
509.85	-36.00
510.40	-34.41
510.95	-34.65
511.50	-35.82
512.05	-34.61
512.60	-34.77
513.15	-34.57
513.70	-34.71
514.25	-36.18
514.80	-34.62
515.35	-34.59
515.90	-35.05
516.45	-34.40
517.00	-35.44
517.55	-35.99
518.10	-34.59
518.65	-35.74
519.20	-35.26
519.75	-33.20
520.30	-34.21
520.85	-35.24
521.40	-35.14
521.95	-35.85
522.50	-35.26
523.05	-35.81
523.60	-35.51
524.15	-34.22
524.70	-35.75
525.25	-36.07
525.80	-35.07
526.35	-34.55
526.90	-35.48
527.45	-35.63
528.00	-34.58
528.55	-34.49
529.10	-34.25
529.65	-34.92
530.20	-35.97
530.75	-35.50
531.30	-35.01
531.85	-35.79
532.40	-33.63
532.95	-33.95
533.50	-35.18
534.05	-34.34
534.60	-34.52
535.15	-34.19
535.70	-33.46
536.25	-34.33
536.80	-35.36
537.35	-35.57
537.90	-35.15
538.45	-34.25
539.00	-35.21
539.55	-34.38
540.10	-34.36
540.65	-34.74
541.20	-35.36
541.75	-34.66
542.30	-35.22
542.85	-34.17
543.40	-34.20
543.95	-34.98
544.50	-35.52
545.05	-34.42
545.60	-35.01
546.15	-34.48
546.70	-36.58
547.25	-34.11
547.80	-34.24
548.35	-36.26
548.90	-35.84
549.45	-35.89
550.00	-34.91
550.55	-34.65
551.10	-34.35
551.65	-35.02
552.20	-36.34
552.75	-36.74
553.30	-35.54
553.85	-34.25
554.40	-34.31
554.95	-35.06
555.50	-34.07
556.05	-36.11
556.60	-34.88
557.15	-34.43
557.70	-36.28
558.25	-34.36
558.80	-34.17
559.35	-35.53
559.90	-35.33
560.45	-33.93
561.00	-35.07
561.55	-35.37
562.10	-34.36
562.65	-34.95
563.20	-34.80
563.75	-35.11
564.30	-35.10
564.85	-34.63
565.40	-34.52
565.95	-34.55
566.50	-35.92
567.05	-35.82
567.60	-35.13
568.15	-34.49
568.70	-35.13
569.25	-35.08
569.80	-35.93
570.35	-35.31
570.90	-34.52
571.45	-34.45
572.00	-34.97
572.55	-33.63
573.10	-35.01
573.65	-34.38
574.20	-35.40
574.75	-34.80
575.30	-35.16
575.85	-34.75
576.40	-36.96
576.95	-35.13
577.50	-35.13
578.05	-34.61
578.60	-35.95
579.15	-35.59
579.70	-35.52
580.25	-35.23
580.80	-34.93
581.35	-33.80
581.90	-35.38
582.45	-33.93
583.00	-35.19
583.55	-34.82
584.10	-36.08
584.65	-35.58
585.20	-36.32
585.75	-35.05
586.30	-33.69
586.85	-34.93
587.40	-36.06
587.95	-35.57
588.50	-35.28
589.05	-36.09
589.60	-35.03
590.15	-34.96
590.70	-34.49
591.25	-37.10
591.80	-34.33
592.35	-34.77
592.90	-35.99
593.45	-33.61
594.00	-34.73
594.55	-35.54
595.10	-34.54
595.65	-33.08
596.20	-34.81
596.75	-34.20
597.30	-35.10
597.85	-34.34
598.40	-34.55
598.95	-33.63
599.50	-35.32
600.05	-34.98
600.60	-35.61
601.15	-35.92
601.70	-35.76
602.25	-35.67
602.80	-35.43
603.35	-34.93
603.90	-35.34
604.45	-34.27
605.00	-35.21
605.55	-34.35
606.10	-34.95
606.65	-34.62
607.20	-34.73
607.75	-34.93
608.30	-34.39
608.85	-33.81
609.40	-35.55
609.95	-35.38
610.50	-34.87
611.05	-34.60
611.60	-34.41
612.15	-34.44
612.70	-34.87
613.25	-34.93
613.80	-34.72
614.35	-35.01
614.90	-35.48
615.45	-34.75
616.00	-35.15
616.55	-35.90
617.10	-35.56
617.65	-35.58
618.20	-35.57
618.75	-34.15
619.30	-35.51
619.85	-34.64
620.40	-34.88
620.95	-35.30
621.50	-34.91
622.05	-33.80
622.60	-35.20
623.15	-35.81
623.70	-35.27
624.25	-35.17
624.80	-34.33
625.35	-35.19
625.90	-36.30
626.45	-34.43
627.00	-35.46
627.55	-35.05
628.10	-35.85
628.65	-34.88
629.20	-35.36
629.75	-33.98
630.30	-35.90
630.85	-34.44
631.40	-34.40
631.95	-34.69
632.50	-34.40
633.05	-35.07
633.60	-34.65
634.15	-34.83
634.70	-33.39
635.25	-34.37
635.80	-35.40
636.35	-35.12
636.90	-35.86
637.45	-36.15
638.00	-35.09
638.55	-35.93
639.10	-35.37
639.65	-34.43
640.20	-35.49
640.75	-35.35
641.30	-35.50
641.85	-34.86
642.40	-34.28
642.95	-34.97
643.50	-33.94
644.05	-34.64
644.60	-34.98
645.15	-34.10
645.70	-33.52
646.25	-33.88
646.80	-35.06
647.35	-33.76
647.90	-34.63
648.45	-34.53
649.00	-35.55
649.55	-34.90
650.10	-35.55
650.65	-35.42
651.20	-33.89
651.75	-33.88
652.30	-34.61
652.85	-34.15
653.40	-33.93
653.95	-34.97
654.50	-34.09
655.05	-33.96
655.60	-35.50
656.15	-34.45
656.70	-34.47
657.25	-34.37
657.80	-35.17
658.35	-34.67
658.90	-35.35
659.45	-33.94
660.00	-35.85
660.55	-35.69
661.10	-35.93
661.65	-35.16
662.20	-34.17
662.75	-36.04
663.30	-34.43
663.85	-35.95
664.40	-35.81
664.95	-33.79
665.50	-34.67
666.05	-34.98
666.60	-35.02
667.15	-36.23
667.70	-34.66
668.25	-34.41
668.80	-34.16
669.35	-35.34
669.90	-34.64
670.45	-35.96
671.00	-35.50
671.55	-35.42
672.10	-35.77
672.65	-36.04
673.20	-33.72
673.75	-34.51
674.30	-34.40
674.85	-35.83
675.40	-35.77
675.95	-34.92
676.50	-35.97
677.05	-34.73
677.60	-35.25
678.15	-35.71
678.70	-33.64
679.25	-35.32
679.80	-35.07
680.35	-36.34
680.90	-35.82
681.45	-34.21
682.00	-35.12
682.55	-34.96
683.10	-34.58
683.65	-35.01
684.20	-36.52
684.75	-35.39
685.30	-34.46
685.85	-34.11
686.40	-34.96
686.95	-35.59
687.50	-34.43
688.05	-35.73
688.60	-36.22
689.15	-35.55
689.70	-34.21
690.25	-34.47
690.80	-35.04
691.35	-34.09
691.90	-34.58
692.45	-36.42
693.00	-35.06
693.55	-34.23
694.10	-35.04
694.65	-35.47
695.20	-35.40
695.75	-36.26
696.30	-33.50
696.85	-34.92
697.40	-33.48
697.95	-34.09
698.50	-34.80
699.05	-35.41
699.60	-33.40
700.15	-35.29
700.70	-34.73
701.25	-35.08
701.80	-34.97
702.35	-35.33
702.90	-35.87
703.45	-34.92
704.00	-35.35
704.55	-35.07
705.10	-34.32
705.65	-35.06
706.20	-34.39
706.75	-34.82
707.30	-34.68
707.85	-36.04
708.40	-35.79
708.95	-36.00
709.50	-35.40
710.05	-35.66
710.60	-36.57
711.15	-35.08
711.70	-34.83
712.25	-34.52
712.80	-34.45
713.35	-35.07
713.90	-35.44
714.45	-34.00
715.00	-34.25
715.55	-35.72
716.10	-34.50
716.65	-35.64
717.20	-35.19
717.75	-35.82
718.30	-33.92
718.85	-34.13
719.40	-33.76
719.95	-35.36
720.50	-35.59
721.05	-35.19
721.60	-34.81
722.15	-35.27
722.70	-34.10
723.25	-34.48
723.80	-35.76
724.35	-35.45
724.90	-35.38
725.45	-33.68
726.00	-33.86
726.55	-32.98
727.10	-35.00
727.65	-36.20
728.20	-34.47
728.75	-34.87
729.30	-33.92
729.85	-34.27
730.40	-34.87
730.95	-35.96
731.50	-35.43
732.05	-34.75
732.60	-35.42
733.15	-35.16
733.70	-35.34
734.25	-35.11
734.80	-35.31
735.35	-35.59
735.90	-35.44
736.45	-34.71
737.00	-34.18
737.55	-34.32
738.10	-35.00
738.65	-33.59
739.20	-34.56
739.75	-35.73
740.30	-34.51
740.85	-35.11
741.40	-35.51
741.95	-34.13
742.50	-35.39
743.05	-34.58
743.60	-33.80
744.15	-34.70
744.70	-34.11
745.25	-34.74
745.80	-35.02
746.35	-34.69
746.90	-36.24
747.45	-35.87
748.00	-35.15
748.55	-34.27
749.10	-34.50
749.65	-35.61
750.20	-35.18
750.75	-36.12
751.30	-34.32
751.85	-35.79
752.40	-36.62
752.95	-35.71
753.50	-33.94
754.05	-35.89
754.60	-34.21
755.15	-34.91
755.70	-33.52
756.25	-35.36
756.80	-35.00
757.35	-35.00
757.90	-34.41
758.45	-34.25
759.00	-34.46
759.55	-34.88
760.10	-32.56
760.65	-34.70
761.20	-34.08
761.75	-34.55
762.30	-35.12
762.85	-35.36
763.40	-34.50
763.95	-35.99
764.50	-34.72
765.05	-34.83
765.60	-35.81
766.15	-35.94
766.70	-34.82
767.25	-33.98
767.80	-34.25
768.35	-35.11
768.90	-35.02
769.45	-35.68
770.00	-35.34
770.55	-35.31
771.10	-34.99
771.65	-34.33
772.20	-34.46
772.75	-35.12
773.30	-34.42
773.85	-34.43
774.40	-33.92
774.95	-33.25
775.50	-35.50
776.05	-34.29
776.60	-34.55
777.15	-34.58
777.70	-34.08
778.25	-35.04
778.80	-34.37
779.35	-34.53
779.90	-33.72
780.45	-35.10
781.00	-35.43
781.55	-34.08
782.10	-34.65
782.65	-34.67
783.20	-35.05
783.75	-34.40
784.30	-36.00
784.85	-35.18
785.40	-35.63
785.95	-34.90
786.50	-34.06
787.05	-34.56
787.60	-33.80
788.15	-34.13
788.70	-35.95
789.25	-35.21
789.80	-35.29
790.35	-36.74
790.90	-36.24
791.45	-34.84
792.00	-34.53
792.55	-33.67
793.10	-35.58
793.65	-34.68
794.20	-34.41
794.75	-34.43
795.30	-34.55
795.85	-34.04
796.40	-35.12
796.95	-34.41
797.50	-35.41
798.05	-34.70
798.60	-35.09
799.15	-34.46
799.70	-35.47
800.25	-35.26
800.80	-34.81
801.35	-34.43
801.90	-34.28
802.45	-33.94
803.00	-35.49
803.55	-34.63
804.10	-34.47
804.65	-34.31
805.20	-34.48
805.75	-34.89
806.30	-35.84
806.85	-34.37
807.40	-33.94
807.95	-34.72
808.50	-34.69
809.05	-35.77
809.60	-34.63
810.15	-34.59
810.70	-35.41
811.25	-34.98
811.80	-34.83
812.35	-34.53
812.90	-34.12
813.45	-33.98
814.00	-34.67
814.55	-35.93
815.10	-34.96
815.65	-35.29
816.20	-35.00
816.75	-34.72
817.30	-33.46
817.85	-35.76
818.40	-35.36
818.95	-34.26
819.50	-33.57
820.05	-35.14
820.60	-34.78
821.15	-36.38
821.70	-32.78
822.25	-34.49
822.80	-34.27
823.35	-33.90
823.90	-35.06
824.45	-35.14
825.00	-34.37
825.55	-34.44
826.10	-33.84
826.65	-34.96
827.20	-34.85
827.75	-34.36
828.30	-34.07
828.85	-33.51
829.40	-34.62
829.95	-34.02
830.50	-35.28
831.05	-34.13
831.60	-34.98
832.15	-34.14
832.70	-35.44
833.25	-35.92
833.80	-34.40
834.35	-33.15
834.90	-35.85
835.45	-35.35
836.00	-33.98
836.55	-33.48
837.10	-35.25
837.65	-34.95
838.20	-34.83
838.75	-34.83
839.30	-35.16
839.85	-34.12
840.40	-35.08
840.95	-34.86
841.50	-34.59
842.05	-35.06
842.60	-35.38
843.15	-34.14
843.70	-33.87
844.25	-34.17
844.80	-35.95
845.35	-34.78
845.90	-34.02
846.45	-35.72
847.00	-35.52
847.55	-34.35
848.10	-35.36
848.65	-34.42
849.20	-33.82
849.75	-34.09
850.30	-34.36
850.85	-35.35
851.40	-35.08
851.95	-35.40
852.50	-35.81
853.05	-33.73
853.60	-35.43
854.15	-34.61
854.70	-34.89
855.25	-34.75
855.80	-35.34
856.35	-35.31
856.90	-35.05
857.45	-34.20
858.00	-35.16
858.55	-33.65
859.10	-33.48
859.65	-34.44
860.20	-34.10
860.75	-33.59
861.30	-34.85
861.85	-34.75
862.40	-36.22
862.95	-33.44
863.50	-34.14
864.05	-35.22
864.60	-35.18
865.15	-34.57
865.70	-34.12
866.25	-35.33
866.80	-35.00
867.35	-34.55
867.90	-34.55
868.45	-34.88
869.00	-34.59
869.55	-34.44
870.10	-33.96
870.65	-34.82
871.20	-34.64
871.75	-35.40
872.30	-34.51
872.85	-35.25
873.40	-35.42
873.95	-35.86
874.50	-35.06
875.05	-36.09
875.60	-34.83
876.15	-34.80
876.70	-34.36
877.25	-34.69
877.80	-34.44
878.35	-34.79
878.90	-34.34
879.45	-35.77
880.00	-35.17
880.55	-34.84
881.10	-36.69
881.65	-34.96
882.20	-34.43
882.75	-35.31
883.30	-34.12
883.85	-35.74
884.40	-35.09
884.95	-35.31
885.50	-33.72
886.05	-35.34
886.60	-35.30
887.15	-34.33
887.70	-35.13
888.25	-34.75
888.80	-34.50
889.35	-35.01
889.90	-36.03
890.45	-35.10
891.00	-35.12
891.55	-33.72
892.10	-33.94
892.65	-34.26
893.20	-35.34
893.75	-34.05
894.30	-34.05
894.85	-35.20
895.40	-35.39
895.95	-34.77
896.50	-34.66
897.05	-34.74
897.60	-34.64
898.15	-35.38
898.70	-34.23
899.25	-34.60
899.80	-35.17
900.35	-33.26
900.90	-35.06
901.45	-34.87
902.00	-34.72
902.55	-32.70
903.10	-35.78
903.65	-34.06
904.20	-34.29
904.75	-35.09
905.30	-34.97
905.85	-35.18
906.40	-34.19
906.95	-34.07
907.50	-34.88
908.05	-34.07
908.60	-34.71
909.15	-34.30
909.70	-33.55
910.25	-34.99
910.80	-34.68
911.35	-33.50
911.90	-35.19
912.45	-35.14
913.00	-34.10
913.55	-36.01
914.10	-35.32
914.65	-35.69
915.20	-35.47
915.75	-34.08
916.30	-33.28
916.85	-35.24
917.40	-34.62
917.95	-34.99
918.50	-36.27
919.05	-34.96
919.60	-33.78
920.15	-33.81
920.70	-34.24
921.25	-33.88
921.80	-34.16
922.35	-34.81
922.90	-35.76
923.45	-34.13
924.00	-35.98
924.55	-35.27
925.10	-35.51
925.65	-34.83
926.20	-34.62
926.75	-35.67
927.30	-35.15
927.85	-34.77
928.40	-33.93
928.95	-34.25
929.50	-35.55
930.05	-35.70
930.60	-35.33
931.15	-34.49
931.70	-34.55
932.25	-33.98
932.80	-34.69
933.35	-34.12
933.90	-35.08
934.45	-36.04
935.00	-34.52
935.55	-34.25
936.10	-34.39
936.65	-35.45
937.20	-33.92
937.75	-33.74
938.30	-34.69
938.85	-35.86
939.40	-34.24
939.95	-34.63
940.50	-34.24
941.05	-34.37
941.60	-35.00
942.15	-35.22
942.70	-34.79
943.25	-34.32
943.80	-34.82
944.35	-34.48
944.90	-34.99
945.45	-33.90
946.00	-36.23
946.55	-35.44
947.10	-34.31
947.65	-34.93
948.20	-35.03
948.75	-35.22
949.30	-33.63
949.85	-35.54
950.40	-34.15
950.95	-33.72
951.50	-33.23
952.05	-33.54
952.60	-33.77
953.15	-33.35
953.70	-36.28
954.25	-33.52
954.80	-34.28
955.35	-35.48
955.90	-34.00
956.45	-34.44
957.00	-33.20
957.55	-35.37
958.10	-34.39
958.65	-35.16
959.20	-34.35
959.75	-35.92
960.30	-34.09
960.85	-34.25
961.40	-34.34
961.95	-36.30
962.50	-34.42
963.05	-35.57
963.60	-35.08
964.15	-35.10
964.70	-33.70
965.25	-34.50
965.80	-34.31
966.35	-35.42
966.90	-34.85
967.45	-36.14
968.00	-33.83
968.55	-35.15
969.10	-36.22
969.65	-33.88
970.20	-35.40
970.75	-35.12
971.30	-34.22
971.85	-33.85
972.40	-35.61
972.95	-35.72
973.50	-34.65
974.05	-36.30
974.60	-35.43
975.15	-33.85
975.70	-34.93
976.25	-34.22
976.80	-33.89
977.35	-34.95
977.90	-34.91
978.45	-35.66
979.00	-35.14
979.55	-34.69
980.10	-35.70
980.65	-35.95
981.20	-33.15
981.75	-34.68
982.30	-33.80
982.85	-35.26
983.40	-34.60
983.95	-33.43
984.50	-34.26
985.05	-33.63
985.60	-34.66
986.15	-34.23
986.70	-35.04
987.25	-34.68
987.80	-34.98
988.35	-33.93
988.90	-35.00
989.45	-35.71
990.00	-34.90
990.55	-35.43
991.10	-34.88
991.65	-34.56
992.20	-34.00
992.75	-34.55
993.30	-35.96
993.85	-34.94
994.40	-33.36
994.95	-34.40
995.50	-34.01
996.05	-34.73
996.60	-34.62
997.15	-35.14
997.70	-35.32
998.25	-34.17
998.80	-35.93
999.35	-35.67
999.90	-34.57
1000.45	-34.19
1001.00	-33.94
1001.55	-34.67
1002.10	-34.75
1002.65	-35.69
1003.20	-35.08
1003.75	-35.10
1004.30	-34.45
1004.85	-35.52
1005.40	-34.16
1005.95	-34.08
1006.50	-34.56
1007.05	-35.18
1007.60	-34.98
1008.15	-34.85
1008.70	-34.90
1009.25	-34.36
1009.80	-34.60
1010.35	-34.15
1010.90	-34.59
1011.45	-34.47
1012.00	-34.99
1012.55	-35.24
1013.10	-35.29
1013.65	-35.03
1014.20	-35.37
1014.75	-34.85
1015.30	-34.23
1015.85	-34.54
1016.40	-33.94
1016.95	-33.89
1017.50	-34.72
1018.05	-34.52
1018.60	-35.01
1019.15	-34.94
1019.70	-34.89
1020.25	-32.56
1020.80	-34.58
1021.35	-34.67
1021.90	-33.65
1022.45	-34.43
1023.00	-35.44
1023.55	-34.74
1024.10	-34.33
1024.65	-35.03
1025.20	-34.59
1025.75	-33.52
1026.30	-34.76
1026.85	-34.89
1027.40	-34.31
1027.95	-35.39
1028.50	-34.46
1029.05	-33.34
1029.60	-34.61
1030.15	-34.61
1030.70	-34.87
1031.25	-34.57
1031.80	-34.74
1032.35	-33.75
1032.90	-34.33
1033.45	-35.90
1034.00	-35.13
1034.55	-36.89
1035.10	-34.04
1035.65	-35.85
1036.20	-34.84
1036.75	-33.70
1037.30	-34.67
1037.85	-36.21
1038.40	-34.42
1038.95	-35.34
1039.50	-34.26
1040.05	-34.86
1040.60	-33.90
1041.15	-35.07
1041.70	-33.77
1042.25	-33.29
1042.80	-34.66
1043.35	-34.46
1043.90	-34.82
1044.45	-34.69
1045.00	-34.96
1045.55	-33.41
1046.10	-34.83
1046.65	-34.99
1047.20	-35.61
1047.75	-35.55
1048.30	-33.00
1048.85	-35.03
1049.40	-33.89
1049.95	-34.76
1050.50	-34.54
1051.05	-35.19
1051.60	-34.71
1052.15	-34.62
1052.70	-34.74
1053.25	-34.17
1053.80	-34.01
1054.35	-34.29
1054.90	-34.31
1055.45	-33.79
1056.00	-35.60
1056.55	-35.02
1057.10	-33.46
1057.65	-34.83
1058.20	-34.77
1058.75	-33.81
1059.30	-34.69
1059.85	-34.64
1060.40	-35.41
1060.95	-34.51
1061.50	-33.76
1062.05	-34.78
1062.60	-34.15
1063.15	-35.20
1063.70	-35.68
1064.25	-35.52
1064.80	-34.77
1065.35	-34.29
1065.90	-35.00
1066.45	-34.47
1067.00	-34.65
1067.55	-33.36
1068.10	-34.78
1068.65	-34.37
1069.20	-34.67
1069.75	-34.88
1070.30	-33.45
1070.85	-35.59
1071.40	-33.70
1071.95	-35.38
1072.50	-34.45
1073.05	-33.76
1073.60	-35.16
1074.15	-34.65
1074.70	-35.26
1075.25	-35.14
1075.80	-34.05
1076.35	-33.82
1076.90	-35.20
1077.45	-34.76
1078.00	-35.22
1078.55	-34.54
1079.10	-35.15
1079.65	-34.13
1080.20	-34.66
1080.75	-33.93
1081.30	-34.17
1081.85	-34.01
1082.40	-34.57
1082.95	-34.46
1083.50	-33.81
1084.05	-34.68
1084.60	-35.44
1085.15	-34.62
1085.70	-35.41
1086.25	-35.72
1086.80	-35.58
1087.35	-33.78
1087.90	-34.31
1088.45	-34.66
1089.00	-34.93
1089.55	-33.91
1090.10	-34.49
1090.65	-34.50
1091.20	-34.95
1091.75	-35.50
1092.30	-34.50
1092.85	-34.15
1093.40	-35.52
1093.95	-34.52
1094.50	-34.25
1095.05	-34.69
1095.60	-35.55
1096.15	-34.29
1096.70	-34.53
1097.25	-35.54
1097.80	-34.49
1098.35	-34.37
1098.90	-35.67
1099.45	-33.39
1100.00	-34.18
1100.55	-34.37
1101.10	-35.93
1101.65	-34.34
1102.20	-34.67
1102.75	-35.56
1103.30	-34.20
1103.85	-34.81
1104.40	-35.11
1104.95	-34.78
1105.50	-35.67
1106.05	-34.68
1106.60	-33.90
1107.15	-33.86
1107.70	-34.80
1108.25	-35.60
1108.80	-35.30
1109.35	-34.32
1109.90	-35.93
1110.45	-34.52
1111.00	-33.97
1111.55	-35.24
1112.10	-35.18
1112.65	-34.57
1113.20	-34.21
1113.75	-34.19
1114.30	-35.86
1114.85	-34.44
1115.40	-34.79
1115.95	-34.42
1116.50	-35.52
1117.05	-35.28
1117.60	-34.40
1118.15	-34.39
1118.70	-35.14
1119.25	-35.57
1119.80	-34.20
1120.35	-34.26
1120.90	-34.37
1121.45	-33.75
1122.00	-34.67
1122.55	-34.84
1123.10	-35.65
1123.65	-34.00
1124.20	-35.08
1124.75	-35.73
1125.30	-34.79
1125.85	-34.47
1126.40	-34.34
1126.95	-34.77
1127.50	-35.93
1128.05	-34.73
1128.60	-33.91
1129.15	-34.93
1129.70	-35.25
1130.25	-33.77
1130.80	-34.68
1131.35	-34.56
1131.90	-35.30
1132.45	-35.08
1133.00	-34.91
1133.55	-33.80
1134.10	-35.09
1134.65	-34.37
1135.20	-34.41
1135.75	-33.47
1136.30	-33.83
1136.85	-34.60
1137.40	-34.54
1137.95	-35.12
1138.50	-35.09
1139.05	-33.46
1139.60	-35.57
1140.15	-34.10
1140.70	-35.14
1141.25	-33.21
1141.80	-34.38
1142.35	-35.20
1142.90	-35.93
1143.45	-34.63
1144.00	-33.36
1144.55	-34.16
1145.10	-34.37
1145.65	-33.76
1146.20	-34.48
1146.75	-34.20
1147.30	-33.08
1147.85	-35.23
1148.40	-35.27
1148.95	-33.51
1149.50	-34.92
1150.05	-34.92
1150.60	-34.61
1151.15	-34.85
1151.70	-34.68
1152.25	-34.79
1152.80	-34.67
1153.35	-34.95
1153.90	-36.11
1154.45	-34.58
1155.00	-35.44
1155.55	-34.01
1156.10	-34.98
1156.65	-33.21
1157.20	-34.17
1157.75	-34.32
1158.30	-35.04
1158.85	-34.63
1159.40	-34.44
1159.95	-34.30
1160.50	-33.92
1161.05	-33.88
1161.60	-33.63
1162.15	-34.18
1162.70	-33.72
1163.25	-34.46
1163.80	-34.23
1164.35	-36.03
1164.90	-34.27
1165.45	-34.56
1166.00	-34.85
1166.55	-33.52
1167.10	-33.88
1167.65	-34.15
1168.20	-33.96
1168.75	-33.51
1169.30	-34.75
1169.85	-33.83
1170.40	-34.47
1170.95	-35.06
1171.50	-35.20
1172.05	-33.90
1172.60	-34.32
1173.15	-33.96
1173.70	-35.01
1174.25	-35.17
1174.80	-32.91
1175.35	-33.85
1175.90	-34.14
1176.45	-34.58
1177.00	-33.87
1177.55	-34.92
1178.10	-34.94
1178.65	-34.28
1179.20	-34.49
1179.75	-35.40
1180.30	-33.80
1180.85	-34.06
1181.40	-34.24
1181.95	-34.68
1182.50	-33.96
1183.05	-34.94
1183.60	-34.40
1184.15	-33.07
1184.70	-32.56
1185.25	-33.84
1185.80	-34.61
1186.35	-34.06
1186.90	-34.93
1187.45	-34.70
1188.00	-33.67
1188.55	-34.20
1189.10	-34.07
1189.65	-34.93
1190.20	-33.69
1190.75	-35.07
1191.30	-34.04
1191.85	-33.27
1192.40	-34.29
1192.95	-35.24
1193.50	-35.60
1194.05	-34.54
1194.60	-35.26
1195.15	-35.64
1195.70	-34.56
1196.25	-33.92
1196.80	-34.89
1197.35	-34.98
1197.90	-34.23
1198.45	-34.76
1199.00	-34.97
1199.55	-34.42
1200.10	-35.66
1200.65	-35.18
1201.20	-33.73
1201.75	-34.86
1202.30	-34.13
1202.85	-33.69
1203.40	-33.93
1203.95	-33.19
1204.50	-34.17
1205.05	-33.56
1205.60	-34.18
1206.15	-34.36
1206.70	-33.68
1207.25	-34.11
1207.80	-34.01
1208.35	-34.87
1208.90	-35.03
1209.45	-34.44
1210.00	-35.40
1210.55	-33.55
1211.10	-34.50
1211.65	-34.58
1212.20	-35.08
1212.75	-34.87
1213.30	-35.51
1213.85	-34.46
1214.40	-33.76
1214.95	-35.01
1215.50	-35.04
1216.05	-34.21
1216.60	-33.70
1217.15	-35.07
1217.70	-34.54
1218.25	-33.63
1218.80	-33.54
1219.35	-35.83
1219.90	-35.86
1220.45	-35.01
1221.00	-34.83
1221.55	-35.40
1222.10	-36.33
1222.65	-35.60
1223.20	-35.14
1223.75	-34.90
1224.30	-35.19
1224.85	-36.58
1225.40	-36.09
1225.95	-35.89
1226.50	-36.24
1227.05	-36.31
1227.60	-35.16
1228.15	-36.20
1228.70	-36.12
1229.25	-36.07
1229.80	-35.90
1230.35	-35.80
1230.90	-35.50
1231.45	-35.01
1232.00	-34.85
1232.55	-35.76
1233.10	-35.65
1233.65	-36.12
1234.20	-35.21
1234.75	-34.62
1235.30	-34.65
1235.85	-33.92
1236.40	-34.65
1236.95	-34.91
1237.50	-35.06
1238.05	-34.35
1238.60	-34.56
1239.15	-34.62
1239.70	-34.85
1240.25	-34.82
1240.80	-35.54
1241.35	-35.14
1241.90	-34.52
1242.45	-34.96
1243.00	-34.15
1243.55	-34.29
1244.10	-33.93
1244.65	-36.00
1245.20	-35.78
1245.75	-34.78
1246.30	-35.20
1246.85	-33.54
1247.40	-34.92
1247.95	-35.36
1248.50	-36.14
1249.05	-33.42
1249.60	-34.77
1250.15	-34.36
1250.70	-34.43
1251.25	-34.62
1251.80	-35.51
1252.35	-34.80
1252.90	-35.51
1253.45	-34.97
1254.00	-33.92
1254.55	-33.90
1255.10	-34.64
1255.65	-34.12
1256.20	-35.79
1256.75	-34.42
1257.30	-34.23
1257.85	-35.38
1258.40	-35.54
1258.95	-34.75
1259.50	-34.15
1260.05	-35.04
1260.60	-34.84
1261.15	-34.81
1261.70	-34.14
1262.25	-35.72
1262.80	-33.50
1263.35	-34.29
1263.90	-34.52
1264.45	-34.74
1265.00	-34.79
1265.55	-34.96
1266.10	-33.97
1266.65	-33.66
1267.20	-34.84
1267.75	-34.59
1268.30	-35.75
1268.85	-34.27
1269.40	-34.67
1269.95	-36.34
1270.50	-35.53
1271.05	-35.37
1271.60	-34.31
1272.15	-35.02
1272.70	-35.65
1273.25	-35.88
1273.80	-34.30
1274.35	-33.60
1274.90	-34.43
1275.45	-33.67
1276.00	-35.90
1276.55	-34.35
1277.10	-34.90
1277.65	-33.73
1278.20	-34.90
1278.75	-34.62
1279.30	-35.25
1279.85	-35.17
1280.40	-34.99
1280.95	-35.23
1281.50	-33.81
1282.05	-34.70
1282.60	-34.63
1283.15	-35.57
1283.70	-36.21
1284.25	-34.24
1284.80	-35.45
1285.35	-35.67
1285.90	-34.40
1286.45	-35.92
1287.00	-33.56
1287.55	-33.98
1288.10	-34.22
1288.65	-34.89
1289.20	-34.97
1289.75	-35.53
1290.30	-34.28
1290.85	-34.67
1291.40	-34.82
1291.95	-35.51
1292.50	-33.87
1293.05	-33.05
1293.60	-34.39
1294.15	-34.14
1294.70	-33.93
1295.25	-34.78
1295.80	-34.98
1296.35	-35.26
1296.90	-34.23
1297.45	-34.35
1298.00	-34.15
1298.55	-35.17
1299.10	-34.51
1299.65	-35.42
1300.20	-33.53
1300.75	-34.14
1301.30	-35.02
1301.85	-34.40
1302.40	-34.81
1302.95	-34.60
1303.50	-34.81
1304.05	-36.14
1304.60	-36.11
1305.15	-34.82
1305.70	-35.06
1306.25	-35.40
1306.80	-34.98
1307.35	-34.98
1307.90	-34.86
1308.45	-34.91
1309.00	-34.13
1309.55	-35.08
1310.10	-34.31
1310.65	-34.75
1311.20	-34.46
1311.75	-35.05
1312.30	-35.33
1312.85	-35.28
1313.40	-34.37
1313.95	-34.65
1314.50	-34.06
1315.05	-34.76
1315.60	-34.32
1316.15	-34.18
1316.70	-35.07
1317.25	-33.87
1317.80	-35.13
1318.35	-34.51
1318.90	-34.35
1319.45	-35.15
1320.00	-34.80
1320.55	-34.89
1321.10	-35.17
1321.65	-34.80
1322.20	-34.83
1322.75	-35.44
1323.30	-36.37
1323.85	-34.76
1324.40	-35.53
1324.95	-34.65
1325.50	-36.66
1326.05	-36.41
1326.60	-36.70
1327.15	-35.18
1327.70	-35.76
1328.25	-35.60
1328.80	-34.09
1329.35	-34.48
1329.90	-35.01
1330.45	-35.67
1331.00	-35.96
1331.55	-34.61
1332.10	-34.18
1332.65	-35.01
1333.20	-34.52
1333.75	-34.17
1334.30	-33.77
1334.85	-35.13
1335.40	-35.91
1335.95	-33.90
1336.50	-34.60
1337.05	-35.37
1337.60	-34.81
1338.15	-35.14
1338.70	-34.11
1339.25	-35.49
1339.80	-34.83
1340.35	-34.98
1340.90	-36.06
1341.45	-34.75
1342.00	-35.51
1342.55	-34.78
1343.10	-34.53
1343.65	-35.20
1344.20	-34.92
1344.75	-34.34
1345.30	-35.79
1345.85	-33.87
1346.40	-35.00
1346.95	-34.87
1347.50	-34.95
1348.05	-35.64
1348.60	-33.95
1349.15	-34.25
1349.70	-35.70
1350.25	-34.65
1350.80	-34.90
1351.35	-35.31
1351.90	-34.74
1352.45	-35.14
1353.00	-34.57
1353.55	-34.37
1354.10	-35.88
1354.65	-34.42
1355.20	-34.86
1355.75	-34.93
1356.30	-36.00
1356.85	-34.51
1357.40	-34.24
1357.95	-34.97
1358.50	-34.39
1359.05	-35.01
1359.60	-34.96
1360.15	-34.65
1360.70	-35.40
1361.25	-34.40
1361.80	-34.22
1362.35	-35.16
1362.90	-34.49
1363.45	-34.60
1364.00	-34.66
1364.55	-34.58
1365.10	-35.03
1365.65	-35.04
1366.20	-34.73
1366.75	-34.84
1367.30	-34.44
1367.85	-33.53
1368.40	-34.95
1368.95	-35.02
1369.50	-35.24
1370.05	-35.37
1370.60	-35.05
1371.15	-35.17
1371.70	-35.40
1372.25	-34.68
1372.80	-35.54
1373.35	-35.43
1373.90	-34.94
1374.45	-33.53
1375.00	-34.83
1375.55	-35.15
1376.10	-35.09
1376.65	-35.58
1377.20	-35.08
1377.75	-35.16
1378.30	-34.64
1378.85	-34.94
1379.40	-35.38
1379.95	-36.38
1380.50	-34.53
1381.05	-34.69
1381.60	-34.16
1382.15	-34.59
1382.70	-35.61
1383.25	-35.05
1383.80	-34.66
1384.35	-34.62
1384.90	-35.97
1385.45	-34.36
1386.00	-34.96
1386.55	-35.50
1387.10	-35.62
1387.65	-35.44
1388.20	-35.89
1388.75	-35.13
1389.30	-35.47
1389.85	-34.68
1390.40	-35.49
1390.95	-35.82
1391.50	-34.88
1392.05	-35.14
1392.60	-35.51
1393.15	-34.76
1393.70	-35.95
1394.25	-35.54
1394.80	-35.16
1395.35	-34.71
1395.90	-35.73
1396.45	-35.13
1397.00	-34.53
1397.55	-34.63
1398.10	-35.15
1398.65	-35.03
1399.20	-36.08
1399.75	-35.95
1400.30	-35.94
1400.85	-34.97
1401.40	-35.86
1401.95	-35.92
1402.50	-36.93
1403.05	-35.67
1403.60	-36.79
1404.15	-36.77
1404.70	-36.01
1405.25	-36.38
1405.80	-35.54
1406.35	-36.60
1406.90	-36.03
1407.45	-35.33
1408.00	-34.18
1408.55	-36.25
1409.10	-35.92
1409.65	-36.52
1410.20	-35.71
1410.75	-35.71
1411.30	-36.49
1411.85	-36.80
1412.40	-36.30
1412.95	-36.80
1413.50	-36.22
1414.05	-36.15
1414.60	-36.34
1415.15	-35.31
1415.70	-36.45
1416.25	-34.94
1416.80	-37.27
1417.35	-35.25
1417.90	-36.04
1418.45	-36.01
1419.00	-36.81
1419.55	-35.82
1420.10	-34.79
1420.65	-36.13
1421.20	-34.98
1421.75	-35.69
1422.30	-36.33
1422.85	-36.21
1423.40	-35.89
1423.95	-34.88
1424.50	-36.47
1425.05	-36.27
1425.60	-35.74
1426.15	-35.99
1426.70	-36.14
1427.25	-35.79
1427.80	-36.47
1428.35	-35.72
1428.90	-36.67
1429.45	-36.18
1430.00	-37.24
1430.55	-34.93
1431.10	-35.05
1431.65	-35.80
1432.20	-35.64
1432.75	-36.22
1433.30	-35.76
1433.85	-35.57
1434.40	-36.71
1434.95	-36.06
1435.50	-36.73
1436.05	-36.44
1436.60	-35.33
1437.15	-36.03
1437.70	-35.73
1438.25	-36.54
1438.80	-36.84
1439.35	-37.08
1439.90	-36.19
1440.45	-35.49
1441.00	-36.06
1441.55	-36.58
1442.10	-36.96
1442.65	-36.06
1443.20	-36.17
1443.75	-36.89
1444.30	-37.89
1444.85	-37.16
1445.40	-37.96
1445.95	-36.43
1446.50	-37.58
1447.05	-37.29
1447.60	-36.92
1448.15	-37.23
1448.70	-37.38
1449.25	-37.18
1449.80	-36.93
1450.35	-38.15
1450.90	-37.10
1451.45	-36.93
1452.00	-36.15
1452.55	-37.32
1453.10	-37.17
1453.65	-36.26
1454.20	-36.64
1454.75	-36.62
1455.30	-36.53
1455.85	-36.70
1456.40	-37.10
1456.95	-37.35
1457.50	-37.21
1458.05	-36.09
1458.60	-36.73
1459.15	-36.94
1459.70	-36.56
1460.25	-36.30
1460.80	-37.08
1461.35	-37.26
1461.90	-36.49
1462.45	-36.92
1463.00	-36.24
1463.55	-37.50
1464.10	-37.91
1464.65	-37.22
1465.20	-36.76
1465.75	-37.79
1466.30	-38.06
1466.85	-35.50
1467.40	-37.68
1467.95	-37.92
1468.50	-34.27
1469.05	-36.41
1469.60	-36.86
1470.15	-36.68
1470.70	-37.44
1471.25	-37.76
1471.80	-36.81
1472.35	-36.19
1472.90	-37.70
1473.45	-36.31
1474.00	-37.76
1474.55	-37.76
1475.10	-37.30
1475.65	-38.20
1476.20	-36.64
1476.75	-37.71
1477.30	-38.34
1477.85	-38.91
1478.40	-38.18
1478.95	-38.40
1479.50	-38.77
1480.05	-38.18
1480.60	-36.78
1481.15	-37.68
1481.70	-38.26
1482.25	-36.86
1482.80	-37.04
1483.35	-36.70
1483.90	-36.24
1484.45	-37.01
1485.00	-36.93
1485.55	-36.41
1486.10	-38.01
1486.65	-35.80
1487.20	-36.37
1487.75	-36.89
1488.30	-36.30
1488.85	-37.03
1489.40	-36.95
1489.95	-36.01
1490.50	-38.89
1491.05	-38.29
1491.60	-38.24
1492.15	-39.90
1492.70	-40.50
1493.25	-40.10
1493.80	-40.12
1494.35	-40.25
1494.90	-39.95
1495.45	-40.41
1496.00	-40.97
1496.55	-39.66
1497.10	-38.50
1497.65	-41.70
1498.20	-39.56
1498.75	-41.35
1499.30	-40.47
1499.85	-41.43
1500.40	-41.29
1500.95	-40.22
1501.50	-40.19
1502.05	-40.11
1502.60	-39.24
1503.15	-40.38
1503.70	-40.92
1504.25	-41.86
1504.80	-40.64
1505.35	-41.81
1505.90	-41.53
1506.45	-39.30
1507.00	-41.39
1507.55	-41.23
1508.10	-39.12
1508.65	-41.19
1509.20	-41.14
1509.75	-40.32
1510.30	-41.03
1510.85	-41.76
1511.40	-41.29
1511.95	-40.68
1512.50	-41.22
1513.05	-40.86
1513.60	-41.92
1514.15	-39.93
1514.70	-41.99
1515.25	-40.81
1515.80	-39.23
1516.35	-40.86
1516.90	-40.46
1517.45	-41.50
1518.00	-42.00
1518.55	-41.38
1519.10	-41.39
1519.65	-40.70
1520.20	-42.39
1520.75	-42.19
1521.30	-41.68
1521.85	-40.90
1522.40	-39.95
1522.95	-40.20
1523.50	-40.42
1524.05	-39.93
1524.60	-39.28
1525.15	-39.28
1525.70	-39.98
1526.25	-40.40
1526.80	-39.31
1527.35	-37.87
1527.90	-37.73
1528.45	-38.29
1529.00	-39.07
1529.55	-39.38
1530.10	-38.58
1530.65	-39.72
1531.20	-39.62
1531.75	-39.50
1532.30	-39.33
1532.85	-40.49
1533.40	-40.11
1533.95	-39.89
1534.50	-40.41
1535.05	-39.66
1535.60	-41.70
1536.15	-41.43
1536.70	-39.61
1537.25	-40.73
1537.80	-39.73
1538.35	-40.57
1538.90	-40.59
1539.45	-39.39
1540.00	-38.92
1540.55	-39.22
1541.10	-39.13
1541.65	-38.70
1542.20	-39.32
1542.75	-39.31
1543.30	-39.35
1543.85	-38.48
1544.40	-38.66
1544.95	-38.23
1545.50	-38.80
1546.05	-38.82
1546.60	-38.03
1547.15	-38.18
1547.70	-37.87
1548.25	-39.93
1548.80	-38.02
1549.35	-38.63
1549.90	-37.85
1550.45	-37.98
1551.00	-38.28
1551.55	-37.37
1552.10	-38.58
1552.65	-37.92
1553.20	-39.60
1553.75	-38.49
1554.30	-39.06
1554.85	-39.85
1555.40	-39.66
1555.95	-40.60
1556.50	-38.88
1557.05	-39.87
1557.60	-38.51
1558.15	-38.57
1558.70	-39.16
1559.25	-38.21
1559.80	-38.37
1560.35	-37.30
1560.90	-38.80
1561.45	-38.67
1562.00	-39.89
1562.55	-39.09
1563.10	-38.82
1563.65	-37.99
1564.20	-37.69
1564.75	-39.54
1565.30	-38.18
1565.85	-38.32
1566.40	-37.27
1566.95	-38.98
1567.50	-37.97
1568.05	-37.95
1568.60	-38.82
1569.15	-38.79
1569.70	-37.84
1570.25	-38.31
1570.80	-40.20
1571.35	-39.41
1571.90	-39.35
1572.45	-39.82
1573.00	-40.47
1573.55	-40.09
1574.10	-40.66
1574.65	-39.67
1575.20	-38.48
1575.75	-38.82
1576.30	-37.99
1576.85	-37.90
1577.40	-38.21
1577.95	-38.90
1578.50	-38.20
1579.05	-37.37
1579.60	-37.90
1580.15	-37.27
1580.70	-37.71
1581.25	-38.44
1581.80	-38.59
1582.35	-37.61
1582.90	-37.90
1583.45	-36.75
1584.00	-36.87
1584.55	-37.53
1585.10	-37.45
1585.65	-36.79
1586.20	-37.41
1586.75	-37.81
1587.30	-36.41
1587.85	-36.98
1588.40	-37.44
1588.95	-38.14
1589.50	-35.23
1590.05	-37.01
1590.60	-37.33
1591.15	-37.07
1591.70	-37.24
1592.25	-36.46
1592.80	-38.56
1593.35	-36.80
1593.90	-36.30
1594.45	-35.71
1595.00	-37.08
1595.55	-35.61
1596.10	-36.58
1596.65	-35.67
1597.20	-36.15
1597.75	-36.32
1598.30	-36.66
1598.85	-37.40
1599.40	-35.47
1599.95	-36.26
1600.50	-36.30
1601.05	-36.86
1601.60	-37.66
1602.15	-37.78
1602.70	-37.39
1603.25	-37.73
1603.80	-38.00
1604.35	-42.20
1604.90	-41.87
1605.45	-42.67
1606.00	-40.83
1606.55	-41.13
1607.10	-40.13
1607.65	-40.54
1608.20	-42.40
1608.75	-40.86
1609.30	-41.54
1609.85	-40.19
1610.40	-41.80
1610.95	-41.42
1611.50	-41.87
1612.05	-41.28
1612.60	-43.58
1613.15	-40.91
1613.70	-42.87
1614.25	-40.73
1614.80	-43.11
1615.35	-42.02
1615.90	-41.59
1616.45	-42.83
1617.00	-41.09
1617.55	-42.66
1618.10	-40.92
1618.65	-44.38
1619.20	-41.49
1619.75	-42.43
1620.30	-40.52
1620.85	-40.72
1621.40	-40.12
1621.95	-43.76
1622.50	-42.55
1623.05	-41.58
1623.60	-42.39
1624.15	-43.45
1624.70	-41.53
1625.25	-44.35
1625.80	-42.74
1626.35	-43.09
1626.90	-42.28
1627.45	-41.38
1628.00	-42.54
1628.55	-43.54
1629.10	-44.13
1629.65	-43.06
1630.20	-43.09
1630.75	-40.58
1631.30	-41.37
1631.85	-40.80
1632.40	-42.93
1632.95	-42.45
1633.50	-41.19
1634.05	-41.63
1634.60	-41.40
1635.15	-42.47
1635.70	-41.27
1636.25	-41.38
1636.80	-44.19
1637.35	-43.52
1637.90	-41.16
1638.45	-43.04
1639.00	-42.19
1639.55	-43.12
1640.10	-40.81
1640.65	-42.18
1641.20	-40.94
1641.75	-42.26
1642.30	-42.07
1642.85	-41.81
1643.40	-41.26
1643.95	-42.00
1644.50	-41.09
1645.05	-42.15
1645.60	-41.33
1646.15	-41.56
1646.70	-37.90
1647.25	-41.93
1647.80	-41.34
1648.35	-41.41
1648.90	-42.51
1649.45	-41.19
1650.00	-42.00
1650.55	-40.65
1651.10	-42.46
1651.65	-39.77
1652.20	-41.40
1652.75	-41.23
1653.30	-38.95
1653.85	-41.07
1654.40	-39.80
1654.95	-40.43
1655.50	-40.47
1656.05	-41.84
1656.60	-42.64
1657.15	-40.58
1657.70	-41.95
1658.25	-41.41
1658.80	-40.35
1659.35	-40.19
1659.90	-39.57
1660.45	-42.23
1661.00	-39.17
1661.55	-40.82
1662.10	-40.97
1662.65	-39.71
1663.20	-41.29
1663.75	-42.10
1664.30	-39.17
1664.85	-41.31
1665.40	-40.49
1665.95	-40.95
1666.50	-39.86
1667.05	-42.15
1667.60	-43.11
1668.15	-41.34
1668.70	-40.95
1669.25	-41.52
1669.80	-40.88
1670.35	-39.29
1670.90	-41.17
1671.45	-40.39
1672.00	-39.67
1672.55	-40.74
1673.10	-40.08
1673.65	-40.72
1674.20	-42.70
1674.75	-40.91
1675.30	-40.87
1675.85	-40.23
1676.40	-39.84
1676.95	-41.58
1677.50	-43.09
1678.05	-41.65
1678.60	-41.26
1679.15	-42.46
1679.70	-42.22
1680.25	-42.46
1680.80	-42.94
1681.35	-41.65
1681.90	-41.62
1682.45	-42.78
1683.00	-42.48
1683.55	-42.93
1684.10	-40.55
1684.65	-41.02
1685.20	-41.38
1685.75	-42.16
1686.30	-41.07
1686.85	-44.36
1687.40	-41.99
1687.95	-41.14
1688.50	-43.37
1689.05	-43.67
1689.60	-41.34
1690.15	-42.76
1690.70	-41.74
1691.25	-42.44
1691.80	-41.15
1692.35	-41.58
1692.90	-40.68
1693.45	-40.40
1694.00	-42.07
1694.55	-41.58
1695.10	-41.01
1695.65	-39.63
1696.20	-42.31
1696.75	-41.35
1697.30	-41.35
1697.85	-42.33
1698.40	-42.38
1698.95	-40.85
1699.50	-41.38
1700.05	-41.52
1700.60	-40.73
1701.15	-41.11
1701.70	-42.41
1702.25	-41.58
1702.80	-41.48
1703.35	-41.55
1703.90	-40.80
1704.45	-42.03
1705.00	-43.03
1705.55	-40.69
1706.10	-42.67
1706.65	-42.67
1707.20	-41.84
1707.75	-43.47
1708.30	-41.18
1708.85	-43.37
1709.40	-41.28
1709.95	-41.55
1710.50	-41.19
1711.05	-41.86
1711.60	-42.62
1712.15	-43.34
1712.70	-42.26
1713.25	-40.61
1713.80	-41.85
1714.35	-41.98
1714.90	-42.15
1715.45	-40.91
1716.00	-42.49
1716.55	-40.59
1717.10	-40.36
1717.65	-42.34
1718.20	-39.73
1718.75	-42.08
1719.30	-41.59
1719.85	-40.63
1720.40	-43.20
1720.95	-43.24
1721.50	-41.22
1722.05	-40.79
1722.60	-40.71
1723.15	-40.05
1723.70	-41.79
1724.25	-42.54
1724.80	-42.65
1725.35	-42.67
1725.90	-40.91
1726.45	-43.16
1727.00	-41.98
1727.55	-42.27
1728.10	-42.08
1728.65	-42.69
1729.20	-41.67
1729.75	-42.26
1730.30	-41.11
1730.85	-42.62
1731.40	-42.12
1731.95	-41.52
1732.50	-42.64
1733.05	-43.03
1733.60	-42.78
1734.15	-43.40
1734.70	-43.36
1735.25	-43.32
1735.80	-42.34
1736.35	-41.93
1736.90	-43.17
1737.45	-44.73
1738.00	-42.74
1738.55	-41.80
1739.10	-42.06
1739.65	-41.31
1740.20	-40.03
1740.75	-43.21
1741.30	-40.73
1741.85	-42.20
1742.40	-42.51
1742.95	-42.30
1743.50	-41.80
1744.05	-42.95
1744.60	-42.66
1745.15	-42.10
1745.70	-43.49
1746.25	-42.14
1746.80	-45.15
1747.35	-42.88
1747.90	-42.45
1748.45	-43.37
1749.00	-42.88
1749.55	-41.89
1750.10	-41.86
1750.65	-43.54
1751.20	-43.77
1751.75	-42.73
1752.30	-42.15
1752.85	-41.86
1753.40	-42.46
1753.95	-42.99
1754.50	-42.72
1755.05	-42.16
1755.60	-41.97
1756.15	-43.69
1756.70	-42.33
1757.25	-41.81
1757.80	-42.65
1758.35	-40.84
1758.90	-42.69
1759.45	-42.79
1760.00	-42.08
1760.55	-43.74
1761.10	-44.08
1761.65	-42.86
1762.20	-42.95
1762.75	-43.10
1763.30	-43.79
1763.85	-41.79
1764.40	-41.58
1764.95	-41.96
1765.50	-42.94
1766.05	-42.73
1766.60	-41.67
1767.15	-42.08
1767.70	-41.71
1768.25	-42.41
1768.80	-41.35
1769.35	-41.71
1769.90	-41.83
1770.45	-41.28
1771.00	-41.43
1771.55	-42.99
1772.10	-42.63
1772.65	-41.82
1773.20	-43.00
1773.75	-43.86
1774.30	-41.48
1774.85	-42.30
1775.40	-42.32
1775.95	-42.83
1776.50	-43.52
1777.05	-41.64
1777.60	-42.39
1778.15	-42.38
1778.70	-43.46
1779.25	-43.53
1779.80	-41.05
1780.35	-40.63
1780.90	-40.88
1781.45	-41.70
1782.00	-42.42
1782.55	-42.68
1783.10	-42.30
1783.65	-41.08
1784.20	-41.11
1784.75	-41.28
1785.30	-41.85
1785.85	-42.90
1786.40	-42.20
1786.95	-41.76
1787.50	-43.18
1788.05	-42.72
1788.60	-42.36
1789.15	-42.05
1789.70	-41.46
1790.25	-42.09
1790.80	-40.78
1791.35	-39.31
1791.90	-40.06
1792.45	-39.59
1793.00	-40.94
1793.55	-42.48
1794.10	-43.14
1794.65	-43.75
1795.20	-41.81
1795.75	-42.07
1796.30	-44.56
1796.85	-43.87
1797.40	-43.00
1797.95	-44.41
1798.50	-43.48
1799.05	-43.72
1799.60	-44.80
1800.15	-42.03
1800.70	-43.95
1801.25	-44.08
1801.80	-44.34
1802.35	-43.12
1802.90	-43.29
1803.45	-44.61
1804.00	-41.27
1804.55	-42.94
1805.10	-44.39
1805.65	-43.30
1806.20	-43.60
1806.75	-43.49
1807.30	-44.38
1807.85	-44.28
1808.40	-43.96
1808.95	-42.43
1809.50	-42.87
1810.05	-43.71
1810.60	-44.28
1811.15	-42.08
1811.70	-44.12
1812.25	-42.95
1812.80	-43.63
1813.35	-42.30
1813.90	-43.00
1814.45	-45.03
1815.00	-43.71
1815.55	-42.86
1816.10	-43.61
1816.65	-44.25
1817.20	-43.95
1817.75	-43.85
1818.30	-45.31
1818.85	-42.31
1819.40	-42.92
1819.95	-42.41
1820.50	-43.41
1821.05	-43.45
1821.60	-44.42
1822.15	-43.80
1822.70	-42.88
1823.25	-42.71
1823.80	-44.40
1824.35	-43.17
1824.90	-43.61
1825.45	-42.73
1826.00	-43.42
1826.55	-45.15
1827.10	-44.72
1827.65	-42.03
1828.20	-42.98
1828.75	-43.82
1829.30	-43.32
1829.85	-44.47
1830.40	-44.94
1830.95	-44.43
1831.50	-43.92
1832.05	-43.62
1832.60	-45.13
1833.15	-44.49
1833.70	-43.30
1834.25	-43.74
1834.80	-43.20
1835.35	-45.47
1835.90	-42.34
1836.45	-42.66
1837.00	-43.67
1837.55	-42.37
1838.10	-42.15
1838.65	-42.72
1839.20	-43.26
1839.75	-43.13
1840.30	-42.76
1840.85	-42.83
1841.40	-42.75
1841.95	-41.97
1842.50	-42.86
1843.05	-42.90
1843.60	-43.08
1844.15	-44.60
1844.70	-46.21
1845.25	-43.89
1845.80	-43.58
1846.35	-43.02
1846.90	-43.39
1847.45	-43.35
1848.00	-44.21
1848.55	-44.24
1849.10	-43.82
1849.65	-42.88
1850.20	-44.15
1850.75	-43.64
1851.30	-43.26
1851.85	-42.22
1852.40	-43.93
1852.95	-44.07
1853.50	-43.91
1854.05	-42.05
1854.60	-42.70
1855.15	-42.59
1855.70	-43.72
1856.25	-42.92
1856.80	-43.57
1857.35	-42.81
1857.90	-43.85
1858.45	-44.32
1859.00	-44.45
1859.55	-44.61
1860.10	-43.71
1860.65	-43.13
1861.20	-42.93
1861.75	-41.66
1862.30	-40.89
1862.85	-40.83
1863.40	-40.98
1863.95	-39.30
1864.50	-39.39
1865.05	-40.12
1865.60	-40.13
1866.15	-39.59
1866.70	-38.37
1867.25	-38.24
1867.80	-38.25
1868.35	-38.60
1868.90	-42.61
1869.45	-44.04
1870.00	-44.25
1870.55	-42.86
1871.10	-44.24
1871.65	-43.75
1872.20	-44.05
1872.75	-45.42
1873.30	-43.87
1873.85	-44.85
1874.40	-43.83
1874.95	-44.25
1875.50	-44.12
1876.05	-44.15
1876.60	-45.15
1877.15	-42.72
1877.70	-45.40
1878.25	-43.12
1878.80	-44.14
1879.35	-43.60
1879.90	-44.22
1880.45	-44.37
1881.00	-42.63
1881.55	-43.80
1882.10	-42.89
1882.65	-41.07
1883.20	-40.02
1883.75	-40.83
1884.30	-40.09
1884.85	-40.14
1885.40	-41.09
1885.95	-39.99
1886.50	-40.17
1887.05	-41.09
1887.60	-39.72
1888.15	-38.19
1888.70	-38.85
1889.25	-40.23
1889.80	-40.23
1890.35	-40.04
1890.90	-41.08
1891.45	-43.49
1892.00	-43.07
1892.55	-44.09
1893.10	-44.62
1893.65	-43.57
1894.20	-44.77
1894.75	-44.44
1895.30	-43.28
1895.85	-44.85
1896.40	-43.53
1896.95	-44.74
1897.50	-43.10
1898.05	-44.20
1898.60	-43.31
1899.15	-43.61
1899.70	-44.82
1900.25	-45.17
1900.80	-44.17
1901.35	-46.12
1901.90	-44.13
1902.45	-45.65
1903.00	-44.63
1903.55	-44.25
1904.10	-44.11
1904.65	-44.26
1905.20	-44.39
1905.75	-44.59
1906.30	-44.03
1906.85	-43.82
1907.40	-44.20
1907.95	-45.14
1908.50	-44.27
1909.05	-45.48
1909.60	-44.10
1910.15	-44.35
1910.70	-44.38
1911.25	-45.40
1911.80	-44.05
1912.35	-43.28
1912.90	-44.48
1913.45	-45.11
1914.00	-44.23
1914.55	-43.28
1915.10	-43.14
1915.65	-44.50
1916.20	-43.27
1916.75	-41.99
1917.30	-42.48
1917.85	-42.70
1918.40	-41.95
1918.95	-42.28
1919.50	-44.82
1920.05	-43.28
1920.60	-43.11
1921.15	-43.08
1921.70	-44.53
1922.25	-44.05
1922.80	-44.25
1923.35	-43.67
1923.90	-43.57
1924.45	-44.40
1925.00	-43.10
1925.55	-43.24
1926.10	-44.23
1926.65	-44.46
1927.20	-43.80
1927.75	-42.99
1928.30	-43.66
1928.85	-44.71
1929.40	-43.36
1929.95	-43.53
1930.50	-42.87
1931.05	-44.55
1931.60	-44.03
1932.15	-43.34
1932.70	-44.36
1933.25	-43.96
1933.80	-43.49
1934.35	-42.35
1934.90	-44.53
1935.45	-43.05
1936.00	-44.28
1936.55	-43.59
1937.10	-43.70
1937.65	-44.06
1938.20	-43.30
1938.75	-43.66
1939.30	-43.48
1939.85	-41.19
1940.40	-41.53
1940.95	-42.60
1941.50	-40.21
1942.05	-40.90
1942.60	-40.47
1943.15	-40.53
1943.70	-40.03
1944.25	-40.26
1944.80	-40.50
1945.35	-40.53
1945.90	-40.51
1946.45	-40.23
1947.00	-40.71
1947.55	-39.44
1948.10	-39.47
1948.65	-40.28
1949.20	-39.95
1949.75	-38.84
1950.30	-38.74
1950.85	-39.15
1951.40	-41.34
1951.95	-43.60
1952.50	-44.00
1953.05	-43.67
1953.60	-44.20
1954.15	-44.16
1954.70	-44.35
1955.25	-43.48
1955.80	-44.39
1956.35	-44.76
1956.90	-45.19
1957.45	-43.95
1958.00	-42.92
1958.55	-43.07
1959.10	-43.84
1959.65	-43.63
1960.20	-43.83
1960.75	-43.75
1961.30	-42.61
1961.85	-43.52
1962.40	-43.50
1962.95	-44.15
1963.50	-44.29
1964.05	-42.36
1964.60	-40.94
1965.15	-41.20
1965.70	-41.14
1966.25	-39.41
1966.80	-40.09
1967.35	-39.51
1967.90	-40.37
1968.45	-40.19
1969.00	-38.80
1969.55	-39.85
1970.10	-39.97
1970.65	-39.57
1971.20	-39.93
1971.75	-40.05
1972.30	-38.54
1972.85	-39.29
1973.40	-39.12
1973.95	-40.33
1974.50	-41.81
1975.05	-41.91
1975.60	-41.91
1976.15	-42.90
1976.70	-42.59
1977.25	-42.83
1977.80	-43.23
1978.35	-43.66
1978.90	-42.93
1979.45	-42.36
1980.00	-42.39
1980.55	-43.72
1981.10	-42.27
1981.65	-43.28
1982.20	-42.12
1982.75	-42.80
1983.30	-43.68
1983.85	-42.68
1984.40	-43.39
1984.95	-42.72
1985.50	-42.71
1986.05	-42.50
1986.60	-43.06
1987.15	-43.34
1987.70	-43.45
1988.25	-42.76
1988.80	-41.59
1989.35	-42.57
1989.90	-42.55
1990.45	-40.96
1991.00	-39.48
1991.55	-39.93
1992.10	-40.98
1992.65	-40.51
1993.20	-40.31
1993.75	-40.98
1994.30	-40.52
1994.85	-41.43
1995.40	-40.94
1995.95	-41.00
1996.50	-41.02
1997.05	-39.89
1997.60	-39.68
1998.15	-38.93
1998.70	-39.78
1999.25	-40.15
1999.80	-40.75
2000.35	-39.31
2000.90	-39.26
2001.45	-39.94
2002.00	-39.97
2002.55	-38.76
2003.10	-39.86
2003.65	-39.70
2004.20	-39.27
2004.75	-39.60
2005.30	-39.21
2005.85	-38.38
2006.40	-38.74
2006.95	-39.16
2007.50	-38.44
2008.05	-38.64
2008.60	-39.11
2009.15	-40.25
2009.70	-42.43
2010.25	-42.85
2010.80	-42.68
2011.35	-43.02
2011.90	-42.41
2012.45	-42.73
2013.00	-42.00
2013.55	-41.50
2014.10	-43.73
2014.65	-43.29
2015.20	-44.80
2015.75	-44.49
2016.30	-42.51
2016.85	-43.14
2017.40	-43.11
2017.95	-43.55
2018.50	-42.63
2019.05	-42.91
2019.60	-42.42
2020.15	-42.44
2020.70	-42.91
2021.25	-43.36
2021.80	-43.45
2022.35	-41.91
2022.90	-42.06
2023.45	-43.29
2024.00	-42.95
2024.55	-41.26
2025.10	-41.77
2025.65	-43.36
2026.20	-43.01
2026.75	-41.85
2027.30	-41.67
2027.85	-39.74
2028.40	-41.45
2028.95	-40.84
2029.50	-40.84
2030.05	-41.82
2030.60	-41.01
2031.15	-41.05
2031.70	-39.78
2032.25	-41.72
2032.80	-41.37
2033.35	-41.33
2033.90	-41.28
2034.45	-41.68
2035.00	-41.33
2035.55	-40.79
2036.10	-41.18
2036.65	-41.48
2037.20	-40.78
2037.75	-41.14
2038.30	-40.20
2038.85	-39.94
2039.40	-40.77
2039.95	-39.23
2040.50	-39.88
2041.05	-39.27
2041.60	-39.81
2042.15	-40.23
2042.70	-39.53
2043.25	-39.06
2043.80	-39.40
2044.35	-40.65
2044.90	-40.15
2045.45	-40.73
2046.00	-39.69
2046.55	-39.35
2047.10	-38.25
2047.65	-38.63
2048.20	-39.09
2048.75	-39.84
2049.30	-39.28
2049.85	-37.96
2050.40	-39.21
2050.95	-39.12
2051.50	-39.14
2052.05	-39.25
2052.60	-38.42
2053.15	-39.18
2053.70	-38.49
2054.25	-38.66
2054.80	-39.34
2055.35	-38.73
2055.90	-39.06
2056.45	-39.16
2057.00	-39.10
2057.55	-39.01
2058.10	-38.87
2058.65	-39.51
2059.20	-39.75
2059.75	-38.89
2060.30	-38.83
2060.85	-39.46
2061.40	-38.45
2061.95	-38.14
2062.50	-39.53
2063.05	-38.56
2063.60	-38.12
2064.15	-38.77
2064.70	-38.81
2065.25	-39.28
2065.80	-38.38
2066.35	-38.19
2066.90	-37.75
2067.45	-38.24
2068.00	-38.24
2068.55	-37.94
2069.10	-38.33
2069.65	-40.82
2070.20	-41.97
2070.75	-41.91
2071.30	-42.51
2071.85	-42.92
2072.40	-42.47
2072.95	-42.10
2073.50	-42.06
2074.05	-42.55
2074.60	-42.99
2075.15	-42.75
2075.70	-42.77
2076.25	-42.52
2076.80	-43.06
2077.35	-44.04
2077.90	-43.06
2078.45	-43.20
2079.00	-43.16
2079.55	-42.98
2080.10	-42.43
2080.65	-42.71
2081.20	-41.80
2081.75	-42.48
2082.30	-44.60
2082.85	-43.34
2083.40	-44.27
2083.95	-43.02
2084.50	-43.19
2085.05	-43.46
2085.60	-43.81
2086.15	-43.08
2086.70	-43.01
2087.25	-43.78
2087.80	-42.63
2088.35	-42.73
2088.90	-44.42
2089.45	-43.30
2090.00	-41.74
2090.55	-44.25
2091.10	-42.59
2091.65	-42.79
2092.20	-43.07
2092.75	-43.27
2093.30	-43.03
2093.85	-44.09
2094.40	-42.18
2094.95	-42.25
2095.50	-41.62
2096.05	-40.31
2096.60	-40.86
2097.15	-40.77
2097.70	-40.16
2098.25	-40.36
2098.80	-39.47
2099.35	-41.43
2099.90	-43.45
2100.45	-42.22
2101.00	-42.15
2101.55	-42.69
2102.10	-42.04
2102.65	-42.59
2103.20	-42.09
2103.75	-42.27
2104.30	-42.39
2104.85	-41.92
2105.40	-42.29
2105.95	-43.22
2106.50	-43.36
2107.05	-43.37
2107.60	-42.93
2108.15	-43.38
2108.70	-44.43
2109.25	-42.84
2109.80	-41.91
2110.35	-42.01
2110.90	-42.09
2111.45	-41.75
2112.00	-41.74
2112.55	-41.06
2113.10	-40.56
2113.65	-40.05
2114.20	-39.95
2114.75	-39.50
2115.30	-40.01
2115.85	-39.71
2116.40	-41.17
2116.95	-39.28
2117.50	-39.57
2118.05	-40.11
2118.60	-40.10
2119.15	-39.55
2119.70	-39.03
2120.25	-39.79
2120.80	-39.71
2121.35	-38.95
2121.90	-38.96
2122.45	-38.86
2123.00	-38.40
2123.55	-39.81
2124.10	-42.45
2124.65	-41.93
2125.20	-42.73
2125.75	-43.10
2126.30	-42.04
2126.85	-42.78
2127.40	-42.15
2127.95	-42.81
2128.50	-43.63
2129.05	-42.53
2129.60	-42.47
2130.15	-43.63
2130.70	-42.31
2131.25	-43.32
2131.80	-42.79
2132.35	-42.74
2132.90	-42.62
2133.45	-41.47
2134.00	-42.59
2134.55	-42.05
2135.10	-42.36
2135.65	-40.40
2136.20	-40.81
2136.75	-41.14
2137.30	-41.02
2137.85	-40.55
2138.40	-41.49
2138.95	-41.94
2139.50	-40.93
2140.05	-41.32
2140.60	-41.63
2141.15	-40.12
2141.70	-40.84
2142.25	-40.83
2142.80	-39.42
2143.35	-40.16
2143.90	-39.67
2144.45	-40.01
2145.00	-39.33
2145.55	-39.67
2146.10	-39.75
2146.65	-39.76
2147.20	-38.92
2147.75	-39.26
2148.30	-39.77
2148.85	-39.35
2149.40	-38.61
2149.95	-38.14
2150.50	-38.83
2151.05	-38.38
2151.60	-38.46
2152.15	-39.72
2152.70	-39.00
2153.25	-40.03
2153.80	-39.71
2154.35	-40.60
2154.90	-39.09
2155.45	-39.41
2156.00	-39.52
2156.55	-38.61
2157.10	-40.51
2157.65	-41.87
2158.20	-41.85
2158.75	-43.07
2159.30	-43.10
2159.85	-43.15
2160.40	-44.16
2160.95	-43.77
2161.50	-42.92
2162.05	-41.87
2162.60	-42.36
2163.15	-42.62
2163.70	-42.00
2164.25	-42.08
2164.80	-43.16
2165.35	-43.85
2165.90	-41.66
2166.45	-42.36
2167.00	-43.07
2167.55	-43.45
2168.10	-43.25
2168.65	-41.95
2169.20	-43.49
2169.75	-42.73
2170.30	-41.94
2170.85	-41.57
2171.40	-40.43
2171.95	-40.32
2172.50	-39.60
2173.05	-39.92
2173.60	-40.60
2174.15	-40.69
2174.70	-41.76
2175.25	-41.96
2175.80	-41.81
2176.35	-41.38
2176.90	-40.08
2177.45	-41.02
2178.00	-41.33
2178.55	-41.17
2179.10	-41.01
2179.65	-42.45
2180.20	-40.94
2180.75	-41.40
2181.30	-40.61
2181.85	-40.36
2182.40	-41.07
2182.95	-41.05
2183.50	-40.75
2184.05	-40.50
2184.60	-41.15
2185.15	-40.04
2185.70	-40.18
2186.25	-41.64
2186.80	-39.99
2187.35	-41.48
2187.90	-40.88
2188.45	-40.76
2189.00	-40.49
2189.55	-39.39
2190.10	-39.33
2190.65	-40.35
2191.20	-40.00
2191.75	-40.63
2192.30	-39.62
2192.85	-39.10
2193.40	-40.08
2193.95	-39.43
2194.50	-39.14
2195.05	-39.86
2195.60	-39.41
2196.15	-39.60
2196.70	-38.89
2197.25	-39.68
2197.80	-40.23
2198.35	-39.00
2198.90	-39.33
2199.45	-39.15
2200.00	-39.30
2200.55	-40.57
2201.10	-39.12
2201.65	-39.28
2202.20	-38.01
2202.75	-38.58
2203.30	-38.79
2203.85	-39.41
2204.40	-39.32
2204.95	-38.61
2205.50	-39.20
2206.05	-38.82
2206.60	-38.52
2207.15	-38.80
2207.70	-38.79
2208.25	-39.11
2208.80	-39.58
2209.35	-38.57
2209.90	-39.27
2210.45	-39.04
2211.00	-39.12
2211.55	-38.81
2212.10	-38.15
2212.65	-37.78
2213.20	-38.39
2213.75	-38.52
2214.30	-38.83
2214.85	-39.54
2215.40	-38.78
2215.95	-37.78
2216.50	-37.31
2217.05	-38.34
2217.60	-38.36
2218.15	-37.44
2218.70	-37.81
2219.25	-38.73
2219.80	-37.94
2220.35	-37.19
2220.90	-37.22
2221.45	-37.82
2222.00	-40.91
2222.55	-41.86
2223.10	-42.71
2223.65	-42.80
2224.20	-42.89
2224.75	-42.77
2225.30	-41.98
2225.85	-42.45
2226.40	-43.63
2226.95	-42.21
2227.50	-43.45
2228.05	-42.42
2228.60	-41.90
2229.15	-42.43
2229.70	-43.80
2230.25	-43.36
2230.80	-43.90
2231.35	-41.85
2231.90	-42.04
2232.45	-42.01
2233.00	-43.11
2233.55	-43.87
2234.10	-43.53
2234.65	-43.25
2235.20	-41.72
2235.75	-43.66
2236.30	-42.46
2236.85	-43.35
2237.40	-42.69
2237.95	-43.45
2238.50	-44.55
2239.05	-43.29
2239.60	-43.71
2240.15	-43.19
2240.70	-42.41
2241.25	-42.46
2241.80	-42.05
2242.35	-41.68
2242.90	-41.37
2243.45	-40.68
2244.00	-41.22
2244.55	-41.16
2245.10	-41.39
2245.65	-41.41
2246.20	-40.76
2246.75	-41.02
2247.30	-41.04
2247.85	-41.38
2248.40	-39.83
2248.95	-39.84
2249.50	-39.89
2250.05	-39.44
2250.60	-39.98
2251.15	-39.49
2251.70	-39.75
2252.25	-40.48
2252.80	-42.23
2253.35	-42.07
2253.90	-39.73
2254.45	-39.93
2255.00	-39.58
2255.55	-39.08
2256.10	-39.06
2256.65	-40.97
2257.20	-41.77
2257.75	-41.87
2258.30	-42.43
2258.85	-42.24
2259.40	-41.51
2259.95	-41.51
2260.50	-40.90
2261.05	-41.70
2261.60	-40.33
2262.15	-40.23
2262.70	-40.71
2263.25	-40.43
2263.80	-40.75
2264.35	-40.30
2264.90	-40.39
2265.45	-40.60
2266.00	-40.89
2266.55	-41.19
2267.10	-40.86
2267.65	-40.45
2268.20	-40.06
2268.75	-39.93
2269.30	-41.13
2269.85	-40.70
2270.40	-40.54
2270.95	-40.72
2271.50	-40.31
2272.05	-41.03
2272.60	-40.62
2273.15	-41.40
2273.70	-40.32
2274.25	-40.47
2274.80	-40.33
2275.35	-41.16
2275.90	-39.31
2276.45	-40.65
2277.00	-40.49
2277.55	-40.64
2278.10	-40.76
2278.65	-39.57
2279.20	-40.66
2279.75	-39.99
2280.30	-40.27
2280.85	-40.88
2281.40	-40.82
2281.95	-40.53
2282.50	-39.95
2283.05	-40.26
2283.60	-41.33
2284.15	-40.05
2284.70	-40.65
2285.25	-39.95
2285.80	-40.21
2286.35	-40.84
2286.90	-40.71
2287.45	-40.66
2288.00	-40.32
2288.55	-40.76
2289.10	-41.26
2289.65	-40.89
2290.20	-39.37
2290.75	-40.74
2291.30	-40.06
2291.85	-39.65
2292.40	-40.34
2292.95	-41.19
2293.50	-40.92
2294.05	-41.00
2294.60	-41.41
2295.15	-41.35
2295.70	-39.67
2296.25	-39.28
2296.80	-38.76
2297.35	-39.44
2297.90	-39.54
2298.45	-40.04
2299.00	-39.91
2299.55	-40.05
2300.10	-39.74
2300.65	-38.64
2301.20	-39.68
2301.75	-39.28
2302.30	-39.59
2302.85	-40.28
2303.40	-39.39
2303.95	-38.93
2304.50	-39.58
2305.05	-38.91
2305.60	-38.75
2306.15	-38.53
2306.70	-39.55
2307.25	-39.92
2307.80	-39.06
2308.35	-39.48
2308.90	-40.33
2309.45	-39.33
2310.00	-39.49
2310.55	-38.67
2311.10	-38.80
2311.65	-39.88
2312.20	-39.12
2312.75	-38.82
2313.30	-40.06
2313.85	-39.88
2314.40	-39.53
2314.95	-39.66
2315.50	-39.34
2316.05	-39.74
2316.60	-39.29
2317.15	-39.17
2317.70	-39.44
2318.25	-38.86
2318.80	-40.01
2319.35	-39.10
2319.90	-39.38
2320.45	-39.46
2321.00	-38.61
2321.55	-39.13
2322.10	-39.48
2322.65	-39.59
2323.20	-39.48
2323.75	-38.90
2324.30	-39.96
2324.85	-38.66
2325.40	-38.25
2325.95	-39.09
2326.50	-39.18
2327.05	-39.82
2327.60	-38.29
2328.15	-38.56
2328.70	-39.83
2329.25	-38.93
2329.80	-38.83
2330.35	-38.88
2330.90	-38.83
2331.45	-39.30
2332.00	-38.43
2332.55	-39.01
2333.10	-37.77
2333.65	-39.20
2334.20	-38.92
2334.75	-39.94
2335.30	-39.05
2335.85	-39.49
2336.40	-38.59
2336.95	-38.60
2337.50	-38.44
2338.05	-37.99
2338.60	-37.65
2339.15	-37.89
2339.70	-38.86
2340.25	-41.05
2340.80	-41.15
2341.35	-39.33
2341.90	-38.35
2342.45	-38.97
2343.00	-38.66
2343.55	-38.75
2344.10	-39.88
2344.65	-38.20
2345.20	-41.61
2345.75	-42.41
2346.30	-43.03
2346.85	-42.41
2347.40	-42.84
2347.95	-42.68
2348.50	-43.69
2349.05	-42.75
2349.60	-42.40
2350.15	-42.86
2350.70	-42.13
2351.25	-42.78
2351.80	-41.08
2352.35	-42.27
2352.90	-42.16
2353.45	-39.68
2354.00	-37.41
2354.55	-38.92
2355.10	-41.87
2355.65	-42.61
2356.20	-43.14
2356.75	-42.33
2357.30	-42.74
2357.85	-43.23
2358.40	-42.51
2358.95	-41.14
2359.50	-41.66
2360.05	-38.55
2360.60	-39.33
2361.15	-39.87
2361.70	-39.24
2362.25	-39.37
2362.80	-39.73
2363.35	-39.59
2363.90	-39.14
2364.45	-38.74
2365.00	-39.14
2365.55	-40.12
2366.10	-41.81
2366.65	-43.28
2367.20	-43.11
2367.75	-42.68
2368.30	-43.20
2368.85	-42.87
2369.40	-42.24
2369.95	-42.05
2370.50	-42.88
2371.05	-41.82
2371.60	-42.69
2372.15	-42.39
2372.70	-41.96
2373.25	-42.60
2373.80	-41.20
2374.35	-41.36
2374.90	-41.07
2375.45	-41.22
2376.00	-40.57
2376.55	-40.35
2377.10	-39.79
2377.65	-40.16
2378.20	-40.30
2378.75	-40.21
2379.30	-40.98
2379.85	-41.01
2380.40	-40.33
2380.95	-41.10
2381.50	-40.14
2382.05	-41.17
2382.60	-41.74
2383.15	-40.58
2383.70	-40.42
2384.25	-40.36
2384.80	-40.16
2385.35	-40.82
2385.90	-40.57
2386.45	-40.03
2387.00	-39.53
2387.55	-39.82
2388.10	-39.83
2388.65	-39.38
2389.20	-40.20
2389.75	-39.16
2390.30	-39.79
2390.85	-38.50
2391.40	-39.57
2391.95	-39.65
2392.50	-39.72
2393.05	-39.57
2393.60	-38.82
2394.15	-38.38
2394.70	-39.05
2395.25	-38.81
2395.80	-38.63
2396.35	-40.06
2396.90	-40.31
2397.45	-38.98
2398.00	-38.11
2398.55	-41.12
2399.10	-42.09
2399.65	-41.85
2400.20	-41.11
2400.75	-38.34
2401.30	-38.01
2401.85	-39.41
2402.40	-42.04
2402.95	-42.07
2403.50	-42.90
2404.05	-42.48
2404.60	-41.97
2405.15	-42.80
2405.70	-41.60
2406.25	-41.02
2406.80	-39.65
2407.35	-38.96
2407.90	-39.53
2408.45	-38.48
2409.00	-40.18
2409.55	-41.24
2410.10	-40.55
2410.65	-40.14
2411.20	-38.99
2411.75	-38.75
2412.30	-38.28
2412.85	-38.24
2413.40	-38.45
2413.95	-37.81
2414.50	-39.87
2415.05	-42.27
2415.60	-43.01
2416.15	-42.65
2416.70	-43.32
2417.25	-41.61
2417.80	-38.41
2418.35	-38.27
2418.90	-38.10
2419.45	-37.61
2420.00	-40.05
2420.55	-42.28
2421.10	-43.08
2421.65	-43.56
2422.20	-43.39
2422.75	-43.20
2423.30	-42.00
2423.85	-42.90
2424.40	-43.98
2424.95	-43.05
2425.50	-42.47
2426.05	-43.48
2426.60	-42.92
2427.15	-43.67
2427.70	-43.20
2428.25	-43.44
2428.80	-42.95
2429.35	-42.65
2429.90	-43.31
2430.45	-43.14
2431.00	-43.29
2431.55	-43.13
2432.10	-43.08
2432.65	-42.94
2433.20	-43.15
2433.75	-43.03
2434.30	-43.52
2434.85	-43.74
2435.40	-43.69
2435.95	-43.64
2436.50	-43.25
2437.05	-44.70
2437.60	-43.00
2438.15	-44.19
2438.70	-43.27
2439.25	-43.90
2439.80	-43.63
2440.35	-42.94
2440.90	-43.23
2441.45	-43.23
2442.00	-45.11
2442.55	-44.57
2443.10	-43.44
2443.65	-42.83
2444.20	-44.29
2444.75	-44.76
2445.30	-43.15
2445.85	-43.82
2446.40	-44.75
2446.95	-44.49
2447.50	-43.41
2448.05	-44.82
2448.60	-44.01
2449.15	-43.85
2449.70	-45.07
2450.25	-44.74
2450.80	-44.53
2451.35	-44.15
2451.90	-45.32
2452.45	-43.73
2453.00	-45.04
2453.55	-44.03
2454.10	-43.90
2454.65	-44.98
2455.20	-44.36
2455.75	-44.49
2456.30	-43.56
2456.85	-43.28
2457.40	-43.05
2457.95	-43.31
2458.50	-43.99
2459.05	-43.20
2459.60	-43.00
2460.15	-43.74
2460.70	-44.39
2461.25	-43.60
2461.80	-42.03
2462.35	-39.52
2462.90	-40.39
2463.45	-40.11
2464.00	-39.79
2464.55	-39.71
2465.10	-39.55
2465.65	-42.17
2466.20	-42.37
2466.75	-44.35
2467.30	-42.71
2467.85	-44.26
2468.40	-44.17
2468.95	-45.29
2469.50	-44.41
2470.05	-44.52
2470.60	-43.47
2471.15	-44.22
2471.70	-43.79
2472.25	-43.04
2472.80	-44.03
2473.35	-43.63
2473.90	-42.91
2474.45	-43.21
2475.00	-44.81
2475.55	-44.07
2476.10	-44.64
2476.65	-44.24
2477.20	-43.91
2477.75	-44.48
2478.30	-45.04
2478.85	-44.35
2479.40	-44.17
2479.95	-44.22
2480.50	-43.65
2481.05	-43.03
2481.60	-44.23
2482.15	-43.76
2482.70	-44.65
2483.25	-43.71
2483.80	-44.82
2484.35	-42.91
2484.90	-43.48
2485.45	-44.12
2486.00	-43.18
2486.55	-44.08
2487.10	-44.18
2487.65	-43.33
2488.20	-44.82
2488.75	-43.62
2489.30	-42.37
2489.85	-42.31
2490.40	-43.11
2490.95	-43.45
2491.50	-44.04
2492.05	-44.81
2492.60	-43.68
2493.15	-44.62
2493.70	-43.83
2494.25	-44.10
2494.80	-43.96
2495.35	-44.58
2495.90	-43.42
2496.45	-43.74
2497.00	-43.84
2497.55	-44.73
2498.10	-44.03
2498.65	-43.80
2499.20	-43.76
2499.75	-44.19
2500.30	-43.20
2500.85	-44.06
2501.40	-42.78
2501.95	-43.71
2502.50	-43.88
2503.05	-44.73
2503.60	-43.80
2504.15	-43.36
2504.70	-42.49
2505.25	-40.76
2505.80	-40.15
2506.35	-39.36
2506.90	-39.62
2507.45	-42.86
2508.00	-44.74
2508.55	-44.34
2509.10	-44.23
2509.65	-43.82
2510.20	-43.67
2510.75	-43.05
2511.30	-43.54
2511.85	-43.48
2512.40	-42.65
2512.95	-41.93
2513.50	-42.26
2514.05	-42.08
2514.60	-42.06
2515.15	-42.18
2515.70	-42.31
2516.25	-40.93
2516.80	-40.42
2517.35	-40.69
2517.90	-40.17
2518.45	-40.06
2519.00	-40.84
2519.55	-40.91
2520.10	-39.69
2520.65	-39.92
2521.20	-39.35
2521.75	-39.82
2522.30	-40.16
2522.85	-39.92
2523.40	-39.49
2523.95	-39.52
2524.50	-39.56
2525.05	-39.68
2525.60	-39.64
2526.15	-39.09
2526.70	-39.07
2527.25	-39.19
2527.80	-38.60
2528.35	-38.84
2528.90	-38.55
2529.45	-38.42
2530.00	-38.58
2530.55	-38.09
2531.10	-38.54
2531.65	-37.91
2532.20	-37.94
2532.75	-37.53
2533.30	-38.36
2533.85	-37.73
2534.40	-37.70
2534.95	-37.93
2535.50	-40.85
2536.05	-43.86
2536.60	-44.47
2537.15	-43.95
2537.70	-44.82
2538.25	-45.07
2538.80	-44.69
2539.35	-45.18
2539.90	-44.36
2540.45	-45.18
2541.00	-44.43
2541.55	-44.90
2542.10	-44.65
2542.65	-45.39
2543.20	-44.92
2543.75	-44.41
2544.30	-44.54
2544.85	-45.15
2545.40	-44.26
2545.95	-44.06
2546.50	-45.01
2547.05	-42.98
2547.60	-42.68
2548.15	-41.27
2548.70	-39.88
2549.25	-39.90
2549.80	-40.78
2550.35	-41.64
2550.90	-40.32
2551.45	-40.95
2552.00	-40.49
2552.55	-39.90
2553.10	-40.12
2553.65	-39.84
2554.20	-39.87
2554.75	-39.34
2555.30	-39.16
2555.85	-39.48
2556.40	-39.75
2556.95	-39.35
2557.50	-39.52
2558.05	-39.13
2558.60	-39.74
2559.15	-39.20
2559.70	-39.47
2560.25	-39.43
2560.80	-38.82
2561.35	-39.33
2561.90	-39.59
2562.45	-39.14
2563.00	-39.41
2563.55	-39.25
2564.10	-39.10
2564.65	-38.65
2565.20	-39.41
2565.75	-37.93
2566.30	-38.60
2566.85	-38.61
2567.40	-38.85
2567.95	-38.70
2568.50	-39.02
2569.05	-38.57
2569.60	-38.28
2570.15	-37.90
2570.70	-38.30
2571.25	-38.38
2571.80	-38.38
2572.35	-38.14
2572.90	-37.93
2573.45	-37.64
2574.00	-38.08
2574.55	-37.79
2575.10	-37.34
2575.65	-37.21
2576.20	-37.71
2576.75	-37.68
2577.30	-36.86
2577.85	-36.64
2578.40	-37.54
2578.95	-40.65
2579.50	-42.08
2580.05	-43.21
2580.60	-42.40
2581.15	-42.43
2581.70	-42.47
2582.25	-43.41
2582.80	-42.44
2583.35	-43.28
2583.90	-42.55
2584.45	-42.41
2585.00	-42.93
2585.55	-42.87
2586.10	-42.27
2586.65	-43.63
2587.20	-43.59
2587.75	-42.79
2588.30	-42.39
2588.85	-42.72
2589.40	-42.25
2589.95	-41.66
2590.50	-41.46
2591.05	-39.86
2591.60	-39.20
2592.15	-39.37
2592.70	-38.95
2593.25	-39.19
2593.80	-39.52
2594.35	-40.25
2594.90	-40.68
2595.45	-41.25
2596.00	-41.21
2596.55	-40.72
2597.10	-41.23
2597.65	-40.58
2598.20	-40.14
2598.75	-39.81
2599.30	-40.69
2599.85	-40.36
2600.40	-39.93
2600.95	-40.66
2601.50	-40.51
2602.05	-39.32
2602.60	-39.22
2603.15	-39.47
2603.70	-38.75
2604.25	-39.29
2604.80	-39.41
2605.35	-38.65
2605.90	-39.01
2606.45	-39.53
2607.00	-39.24
2607.55	-39.05
2608.10	-38.52
2608.65	-38.69
2609.20	-40.77
2609.75	-40.72
2610.30	-40.59
2610.85	-40.42
2611.40	-40.02
2611.95	-40.27
2612.50	-40.40
2613.05	-40.07
2613.60	-39.65
2614.15	-40.37
2614.70	-40.30
2615.25	-39.85
2615.80	-39.94
2616.35	-39.16
2616.90	-39.44
2617.45	-39.82
2618.00	-39.72
2618.55	-39.30
2619.10	-39.81
2619.65	-39.09
2620.20	-39.29
2620.75	-38.91
2621.30	-39.55
2621.85	-39.78
2622.40	-39.11
2622.95	-39.51
2623.50	-39.53
2624.05	-39.12
2624.60	-38.56
2625.15	-38.96
2625.70	-39.02
2626.25	-39.36
2626.80	-39.47
2627.35	-39.22
2627.90	-38.68
2628.45	-38.87
2629.00	-38.36
2629.55	-38.36
2630.10	-38.80
2630.65	-38.81
2631.20	-38.91
2631.75	-38.23
2632.30	-38.79
2632.85	-38.04
2633.40	-38.99
2633.95	-38.00
2634.50	-38.49
2635.05	-37.95
2635.60	-38.33
2636.15	-38.42
2636.70	-38.27
2637.25	-38.41
2637.80	-37.94
2638.35	-38.29
2638.90	-38.50
2639.45	-38.10
2640.00	-37.78
2640.55	-37.80
2641.10	-37.86
2641.65	-37.47
2642.20	-38.27
2642.75	-37.55
2643.30	-36.99
2643.85	-37.74
2644.40	-37.95
2644.95	-37.95
2645.50	-38.47
2646.05	-37.94
2646.60	-38.11
2647.15	-38.47
2647.70	-37.49
2648.25	-37.96
2648.80	-37.78
2649.35	-37.64
2649.90	-38.89
2650.45	-38.35
2651.00	-38.49
2651.55	-37.77
2652.10	-38.05
2652.65	-38.45
2653.20	-37.74
2653.75	-37.95
2654.30	-37.87
2654.85	-37.98
2655.40	-38.00
2655.95	-37.99
2656.50	-37.33
2657.05	-37.81
2657.60	-38.03
2658.15	-38.54
2658.70	-38.25
2659.25	-38.11
2659.80	-37.98
2660.35	-38.41
2660.90	-37.37
2661.45	-37.16
2662.00	-36.97
2662.55	-37.05
2663.10	-37.08
2663.65	-37.83
2664.20	-37.75
2664.75	-37.85
2665.30	-37.65
2665.85	-38.17
2666.40	-37.79
2666.95	-37.86
2667.50	-38.05
2668.05	-37.74
2668.60	-37.43
2669.15	-36.99
2669.70	-36.90
2670.25	-37.38
2670.80	-36.95
2671.35	-36.65
2671.90	-37.93
2672.45	-37.50
2673.00	-37.65
2673.55	-38.05
2674.10	-38.19
2674.65	-37.76
2675.20	-37.86
2675.75	-37.07
2676.30	-37.24
2676.85	-37.32
2677.40	-37.42
2677.95	-37.40
2678.50	-38.13
2679.05	-37.43
2679.60	-37.97
2680.15	-37.99
2680.70	-37.92
2681.25	-38.46
2681.80	-37.65
2682.35	-37.17
2682.90	-36.99
2683.45	-37.28
2684.00	-36.99
2684.55	-37.16
2685.10	-36.41
2685.65	-36.56
2686.20	-37.39
2686.75	-37.02
2687.30	-40.10
2687.85	-41.22
2688.40	-41.04
2688.95	-40.94
2689.50	-39.90
2690.05	-38.47
2690.60	-38.85
2691.15	-40.68
2691.70	-40.02
2692.25	-39.77
2692.80	-41.26
2693.35	-41.06
2693.90	-40.58
2694.45	-40.28
2695.00	-40.35
2695.55	-41.10
2696.10	-41.50
2696.65	-40.68
2697.20	-41.71
2697.75	-41.35
2698.30	-41.38
2698.85	-41.55
2699.40	-40.93
2699.95	-41.59
2700.50	-41.60
2701.05	-40.51
2701.60	-40.78
2702.15	-40.77
2702.70	-39.91
2703.25	-41.22
2703.80	-41.38
2704.35	-41.30
2704.90	-41.61
2705.45	-41.53
2706.00	-40.97
2706.55	-40.82
2707.10	-41.19
2707.65	-41.45
2708.20	-41.70
2708.75	-42.12
2709.30	-41.15
2709.85	-41.42
2710.40	-41.12
2710.95	-41.24
2711.50	-41.31
2712.05	-41.96
2712.60	-41.97
2713.15	-42.08
2713.70	-41.49
2714.25	-41.60
2714.80	-41.79
2715.35	-41.47
2715.90	-41.94
2716.45	-41.68
2717.00	-41.29
2717.55	-40.52
2718.10	-40.14
2718.65	-38.86
2719.20	-39.64
2719.75	-40.56
2720.30	-40.65
2720.85	-40.05
2721.40	-39.74
2721.95	-39.40
2722.50	-38.93
2723.05	-38.87
2723.60	-40.01
2724.15	-39.23
2724.70	-39.17
2725.25	-38.65
2725.80	-38.57
2726.35	-39.01
2726.90	-39.33
2727.45	-38.79
2728.00	-38.84
2728.55	-38.50
2729.10	-38.51
2729.65	-38.89
2730.20	-38.91
2730.75	-39.28
2731.30	-39.80
2731.85	-39.38
2732.40	-39.12
2732.95	-38.51
2733.50	-38.09
2734.05	-38.51
2734.60	-38.46
2735.15	-38.49
2735.70	-38.11
2736.25	-38.58
2736.80	-38.74
2737.35	-38.10
2737.90	-37.74
2738.45	-38.04
2739.00	-38.23
2739.55	-37.77
2740.10	-38.18
2740.65	-37.73
2741.20	-37.76
2741.75	-37.66
2742.30	-38.07
2742.85	-37.77
2743.40	-39.34
2743.95	-38.73
2744.50	-38.21
2745.05	-38.18
2745.60	-37.88
2746.15	-38.61
2746.70	-40.23
2747.25	-40.24
2747.80	-39.68
2748.35	-40.07
2748.90	-39.83
2749.45	-39.98
2750.00	-39.64
2750.55	-39.46
2751.10	-39.37
2751.65	-39.65
2752.20	-39.60
2752.75	-39.45
2753.30	-39.68
2753.85	-39.83
2754.40	-39.70
2754.95	-39.24
2755.50	-39.38
2756.05	-39.51
2756.60	-39.50
2757.15	-39.60
2757.70	-39.05
2758.25	-39.98
2758.80	-39.43
2759.35	-39.86
2759.90	-39.86
2760.45	-39.89
2761.00	-39.86
2761.55	-40.22
2762.10	-39.92
2762.65	-39.40
2763.20	-38.96
2763.75	-39.58
2764.30	-39.74
2764.85	-39.96
2765.40	-39.62
2765.95	-39.77
2766.50	-39.62
2767.05	-40.24
2767.60	-40.13
2768.15	-39.16
2768.70	-39.86
2769.25	-39.26
2769.80	-39.69
2770.35	-39.76
2770.90	-40.04
2771.45	-39.53
2772.00	-39.62
2772.55	-39.82
2773.10	-40.45
2773.65	-40.01
2774.20	-39.97
2774.75	-39.95
2775.30	-39.87
2775.85	-40.29
2776.40	-39.30
2776.95	-39.47
2777.50	-39.87
2778.05	-39.83
2778.60	-39.45
2779.15	-39.90
2779.70	-39.18
2780.25	-39.86
2780.80	-39.91
2781.35	-39.70
2781.90	-39.77
2782.45	-39.51
2783.00	-39.02
2783.55	-39.39
2784.10	-39.58
2784.65	-39.26
2785.20	-39.08
2785.75	-38.93
2786.30	-39.83
2786.85	-39.63
2787.40	-39.62
2787.95	-39.51
2788.50	-39.62
2789.05	-40.01
2789.60	-39.83
2790.15	-39.55
2790.70	-39.14
2791.25	-39.37
2791.80	-39.45
2792.35	-39.13
2792.90	-39.52
2793.45	-39.22
2794.00	-38.60
2794.55	-39.03
2795.10	-39.31
2795.65	-39.46
2796.20	-38.90
2796.75	-38.60
2797.30	-39.18
2797.85	-39.31
2798.40	-39.24
2798.95	-38.76
2799.50	-38.77
2800.05	-38.79
2800.60	-38.63
2801.15	-38.95
2801.70	-38.57
2802.25	-38.99
2802.80	-38.99
2803.35	-38.69
2803.90	-38.29
2804.45	-39.02
2805.00	-39.00
2805.55	-38.39
2806.10	-38.60
2806.65	-38.16
2807.20	-38.36
2807.75	-38.29
2808.30	-38.24
2808.85	-38.87
2809.40	-39.03
2809.95	-39.36
2810.50	-39.16
2811.05	-37.96
2811.60	-38.71
2812.15	-38.85
2812.70	-38.93
2813.25	-38.93
2813.80	-38.65
2814.35	-38.78
2814.90	-38.36
2815.45	-38.60
2816.00	-38.35
2816.55	-38.35
2817.10	-38.44
2817.65	-38.04
2818.20	-37.99
2818.75	-37.81
2819.30	-39.17
2819.85	-38.75
2820.40	-38.26
2820.95	-38.54
2821.50	-38.62
2822.05	-38.62
2822.60	-38.47
2823.15	-38.42
2823.70	-38.79
2824.25	-38.28
2824.80	-38.50
2825.35	-38.54
2825.90	-38.31
2826.45	-38.87
2827.00	-38.56
2827.55	-38.55
2828.10	-38.27
2828.65	-38.36
2829.20	-37.99
2829.75	-38.14
2830.30	-38.22
2830.85	-38.04
2831.40	-37.90
2831.95	-37.64
2832.50	-37.34
2833.05	-38.00
2833.60	-38.34
2834.15	-37.77
2834.70	-38.85
2835.25	-38.36
2835.80	-37.90
2836.35	-38.37
2836.90	-38.35
2837.45	-38.28
2838.00	-38.12
2838.55	-37.47
2839.10	-38.09
2839.65	-38.03
2840.20	-38.34
2840.75	-37.76
2841.30	-37.67
2841.85	-38.04
2842.40	-37.57
2842.95	-37.57
2843.50	-37.95
2844.05	-37.54
2844.60	-37.65
2845.15	-37.39
2845.70	-37.60
2846.25	-37.40
2846.80	-37.75
2847.35	-38.01
2847.90	-37.92
2848.45	-37.72
2849.00	-37.68
2849.55	-38.01
2850.10	-37.90
2850.65	-38.06
2851.20	-37.90
2851.75	-37.63
2852.30	-37.84
2852.85	-38.14
2853.40	-37.60
2853.95	-37.97
2854.50	-38.08
2855.05	-37.47
2855.60	-37.80
2856.15	-37.48
2856.70	-37.85
2857.25	-37.29
2857.80	-37.40
2858.35	-37.51
2858.90	-36.87
2859.45	-37.73
2860.00	-37.86
2860.55	-37.64
2861.10	-37.41
2861.65	-37.54
2862.20	-37.53
2862.75	-37.56
2863.30	-37.66
2863.85	-37.34
2864.40	-37.42
2864.95	-37.67
2865.50	-37.01
2866.05	-37.11
2866.60	-37.12
2867.15	-37.36
2867.70	-37.07
2868.25	-37.15
2868.80	-37.09
2869.35	-36.86
2869.90	-37.36
2870.45	-37.00
2871.00	-37.14
2871.55	-37.03
2872.10	-36.96
2872.65	-37.17
2873.20	-36.86
2873.75	-37.13
2874.30	-36.96
2874.85	-36.33
2875.40	-37.30
2875.95	-37.51
2876.50	-36.51
2877.05	-36.97
2877.60	-36.52
2878.15	-36.37
2878.70	-36.58
2879.25	-37.17
2879.80	-37.15
2880.35	-36.89
2880.90	-35.82
2881.45	-36.66
2882.00	-37.07
2882.55	-36.73
2883.10	-36.86
2883.65	-36.84
2884.20	-37.10
2884.75	-36.89
2885.30	-37.09
2885.85	-36.86
2886.40	-36.67
2886.95	-36.96
2887.50	-36.79
2888.05	-36.43
2888.60	-37.06
2889.15	-36.30
2889.70	-36.98
2890.25	-37.11
2890.80	-36.74
2891.35	-38.45
2891.90	-39.65
2892.45	-39.35
2893.00	-39.86
2893.55	-39.32
2894.10	-39.73
2894.65	-38.45
2895.20	-36.11
2895.75	-37.07
2896.30	-38.64
2896.85	-39.87
2897.40	-39.53
2897.95	-40.08
2898.50	-39.87
2899.05	-39.87
2899.60	-40.03
2900.15	-39.90
2900.70	-39.60
2901.25	-39.65
2901.80	-40.34
2902.35	-39.75
2902.90	-39.21
2903.45	-39.85
2904.00	-39.54
2904.55	-40.08
2905.10	-38.34
2905.65	-37.97
2906.20	-37.90
2906.75	-37.70
2907.30	-37.75
2907.85	-37.16
2908.40	-37.61
2908.95	-37.65
2909.50	-37.33
2910.05	-36.92
2910.60	-37.32
2911.15	-37.51
2911.70	-37.51
2912.25	-37.60
2912.80	-37.49
2913.35	-37.22
2913.90	-37.97
2914.45	-39.07
2915.00	-37.62
2915.55	-37.15
2916.10	-37.38
2916.65	-37.03
2917.20	-37.47
2917.75	-37.24
2918.30	-37.32
2918.85	-36.82
2919.40	-36.49
2919.95	-36.80
2920.50	-39.34
2921.05	-39.98
2921.60	-38.64
2922.15	-37.35
2922.70	-37.43
2923.25	-37.46
2923.80	-37.64
2924.35	-37.75
2924.90	-37.18
2925.45	-37.25
2926.00	-37.61
2926.55	-37.53
2927.10	-37.87
2927.65	-37.70
2928.20	-37.36
2928.75	-37.85
2929.30	-37.52
2929.85	-37.24
2930.40	-37.77
2930.95	-37.54
2931.50	-37.14
2932.05	-37.02
2932.60	-37.35
2933.15	-37.26
2933.70	-37.47
2934.25	-36.72
2934.80	-36.79
2935.35	-36.64
2935.90	-36.68
2936.45	-36.40
2937.00	-36.37
2937.55	-37.25
2938.10	-39.44
2938.65	-40.56
2939.20	-41.40
2939.75	-40.49
2940.30	-40.81
2940.85	-41.15
2941.40	-40.82
2941.95	-40.49
2942.50	-41.20
2943.05	-41.26
2943.60	-41.07
2944.15	-40.72
2944.70	-40.84
2945.25	-41.23
2945.80	-41.69
2946.35	-41.40
2946.90	-41.33
2947.45	-41.25
2948.00	-41.38
2948.55	-40.81
2949.10	-41.29
2949.65	-41.28
2950.20	-41.46
2950.75	-41.90
2951.30	-41.53
2951.85	-41.51
2952.40	-41.17
2952.95	-41.24
2953.50	-40.68
2954.05	-39.42
2954.60	-38.17
2955.15	-38.32
2955.70	-38.23
2956.25	-38.38
2956.80	-39.69
2957.35	-39.56
2957.90	-39.95
2958.45	-39.45
2959.00	-39.90
2959.55	-39.91
2960.10	-39.17
2960.65	-39.05
2961.20	-38.73
2961.75	-38.27
2962.30	-38.81
2962.85	-39.05
2963.40	-38.76
2963.95	-39.10
2964.50	-38.92
2965.05	-38.74
2965.60	-37.72
2966.15	-37.76
2966.70	-38.36
2967.25	-37.95
2967.80	-37.77
2968.35	-37.95
2968.90	-37.78
2969.45	-38.22
2970.00	-37.75
2970.55	-37.70
2971.10	-37.27
2971.65	-37.48
2972.20	-37.22
2972.75	-37.46
2973.30	-37.28
2973.85	-37.23
2974.40	-37.34
2974.95	-37.36
2975.50	-37.38
2976.05	-37.60
2976.60	-37.83
2977.15	-36.72
2977.70	-37.11
2978.25	-37.05
2978.80	-37.24
2979.35	-37.35
2979.90	-37.18
2980.45	-37.04
2981.00	-37.79
2981.55	-37.93
2982.10	-37.49
2982.65	-37.62
2983.20	-37.20
2983.75	-37.27
2984.30	-37.06
2984.85	-37.39
2985.40	-37.00
2985.95	-37.26
2986.50	-37.44
2987.05	-36.67
2987.60	-37.42
2988.15	-37.62
2988.70	-37.23
2989.25	-36.99
2989.80	-37.28
2990.35	-37.27
2990.90	-37.45
2991.45	-36.84
2992.00	-37.41
2992.55	-37.08
2993.10	-37.22
2993.65	-37.17
2994.20	-37.37
2994.75	-37.08
2995.30	-36.94
2995.85	-37.21
2996.40	-37.27
2996.95	-36.66
2997.50	-37.32
2998.05	-37.35
2998.60	-37.42
2999.15	-36.97
2999.70	-37.13
3000.25	-37.21
3000.80	-37.04
3001.35	-36.95
3001.90	-36.56
3002.45	-37.27
3003.00	-37.76
3003.55	-38.24
3004.10	-38.87
3004.65	-38.50
3005.20	-38.01
3005.75	-38.74
3006.30	-38.40
3006.85	-38.73
3007.40	-38.28
3007.95	-38.41
3008.50	-38.79
3009.05	-38.48
3009.60	-38.65
3010.15	-38.56
3010.70	-38.13
3011.25	-38.08
3011.80	-38.59
3012.35	-38.19
3012.90	-38.56
3013.45	-37.86
3014.00	-38.03
3014.55	-38.55
3015.10	-37.99
3015.65	-37.96
3016.20	-38.40
3016.75	-38.39
3017.30	-38.27
3017.85	-38.07
3018.40	-38.04
3018.95	-38.11
3019.50	-37.88
3020.05	-38.01
3020.60	-38.00
3021.15	-38.19
3021.70	-38.22
3022.25	-38.08
3022.80	-37.83
3023.35	-37.33
3023.90	-37.72
3024.45	-37.82
3025.00	-37.66
3025.55	-37.68
3026.10	-37.16
3026.65	-37.39
3027.20	-37.47
3027.75	-37.71
3028.30	-37.63
3028.85	-37.75
3029.40	-37.90
3029.95	-37.87
3030.50	-37.70
3031.05	-37.65
3031.60	-37.37
3032.15	-36.92
3032.70	-37.27
3033.25	-37.16
3033.80	-37.56
3034.35	-37.20
3034.90	-37.06
3035.45	-37.58
3036.00	-37.39
3036.55	-36.68
3037.10	-36.80
3037.65	-36.99
3038.20	-36.98
3038.75	-36.95
3039.30	-36.26
3039.85	-36.79
3040.40	-36.66
3040.95	-35.60
3041.50	-35.87
3042.05	-35.65
3042.60	-35.59
3043.15	-35.66
3043.70	-35.42
3044.25	-35.50
3044.80	-35.35
3045.35	-34.90
3045.90	-34.65
3046.45	-34.87
3047.00	-35.12
3047.55	-34.75
3048.10	-34.73
3048.65	-34.90
3049.20	-34.55
3049.75	-34.50
3050.30	-34.37
3050.85	-34.31
3051.40	-34.65
3051.95	-34.49
3052.50	-34.28
3053.05	-34.33
3053.60	-34.39
3054.15	-34.20
3054.70	-34.20
3055.25	-34.16
3055.80	-33.96
3056.35	-33.95
3056.90	-33.78
3057.45	-33.52
3058.00	-33.62
3058.55	-33.80
3059.10	-33.40
3059.65	-33.39
3060.20	-33.32
3060.75	-33.34
3061.30	-33.31
3061.85	-33.16
3062.40	-32.75
3062.95	-32.95
3063.50	-32.68
3064.05	-32.65
3064.60	-32.73
3065.15	-32.56
3065.70	-32.70
3066.25	-32.92
3066.80	-32.74
3067.35	-32.41
3067.90	-32.38
3068.45	-32.47
3069.00	-32.28
3069.55	-32.49
3070.10	-32.46
3070.65	-32.35
3071.20	-32.37
3071.75	-32.42
3072.30	-32.33
3072.85	-32.34
3073.40	-32.23
3073.95	-32.28
3074.50	-32.12
3075.05	-32.33
3075.60	-32.30
3076.15	-32.41
3076.70	-32.26
3077.25	-32.32
3077.80	-32.33
3078.35	-32.37
3078.90	-32.48
3079.45	-32.60
3080.00	-32.58
3080.55	-32.60
3081.10	-32.70
3081.65	-32.57
3082.20	-32.44
3082.75	-32.48
3083.30	-32.76
3083.85	-32.60
3084.40	-32.61
