#Lock-In Depth estimates from Kindler et al. (CP, 2014).
1.297000000000000000e+03 6.142857142857143060e+01
1.298000000000000000e+03 6.171428571428572241e+01
1.299000000000000000e+03 6.157142857142857650e+01
1.300000000000000000e+03 6.185714285714285410e+01
1.301000000000000000e+03 6.198649939089796135e+01
1.302000000000000000e+03 6.214285714285714590e+01
1.303000000000000000e+03 6.228571428571429180e+01
1.304000000000000000e+03 6.228571428571429180e+01
1.305000000000000000e+03 6.257142857142856940e+01
1.306000000000000000e+03 6.257142857142856940e+01
1.307000000000000000e+03 6.275915141621342741e+01
1.308000000000000000e+03 6.271428571428571530e+01
1.309000000000000000e+03 6.271428571428571530e+01
1.310000000000000000e+03 6.271428571428571530e+01
1.311000000000000000e+03 6.257142857142856940e+01
1.312000000000000000e+03 6.285714285714286120e+01
1.313000000000000000e+03 6.271428571428571530e+01
1.314000000000000000e+03 6.257142857142856940e+01
1.315000000000000000e+03 6.257142857142856940e+01
1.316000000000000000e+03 6.271428571428571530e+01
1.317000000000000000e+03 6.257142857142856940e+01
1.318000000000000000e+03 6.271428571428571530e+01
1.319000000000000000e+03 6.284109730848869191e+01
1.320000000000000000e+03 6.271428571428571530e+01
1.321000000000000000e+03 6.285714285714286120e+01
1.322000000000000000e+03 6.314285714285715301e+01
1.323000000000000000e+03 6.311963491897772371e+01
1.324000000000000000e+03 6.314285714285715301e+01
1.325000000000000000e+03 6.342857142857143060e+01
1.326000000000000000e+03 6.328571428571428470e+01
1.327000000000000000e+03 6.357142857142857650e+01
1.328000000000000000e+03 6.342857142857143060e+01
1.329000000000000000e+03 6.342857142857143060e+01
1.330000000000000000e+03 6.314285714285715301e+01
1.331000000000000000e+03 6.300000000000000711e+01
1.332000000000000000e+03 6.271428571428571530e+01
1.333000000000000000e+03 6.257142857142856940e+01
1.334000000000000000e+03 6.228571428571429180e+01
1.335000000000000000e+03 6.200000000000000000e+01
1.336000000000000000e+03 6.185714285714285410e+01
1.337000000000000000e+03 6.200000000000000000e+01
1.338000000000000000e+03 6.185714285714285410e+01
1.339000000000000000e+03 6.171428571428572241e+01
1.340000000000000000e+03 6.171428571428572241e+01
1.341000000000000000e+03 6.185714285714285410e+01
1.342000000000000000e+03 6.200000000000000000e+01
1.343000000000000000e+03 6.200000000000000000e+01
1.344000000000000000e+03 6.200000000000000000e+01
1.345000000000000000e+03 6.214285714285714590e+01
1.346000000000000000e+03 6.242857142857143771e+01
1.347000000000000000e+03 6.242857142857143771e+01
1.348000000000000000e+03 6.242857142857143771e+01
1.349000000000000000e+03 6.271428571428571530e+01
1.350000000000000000e+03 6.271428571428571530e+01
1.351000000000000000e+03 6.271428571428571530e+01
1.352000000000000000e+03 6.271428571428571530e+01
1.353000000000000000e+03 6.271428571428571530e+01
1.354000000000000000e+03 6.285714285714286120e+01
1.355000000000000000e+03 6.285714285714286120e+01
1.356000000000000000e+03 6.285714285714286120e+01
1.357000000000000000e+03 6.314285714285715301e+01
1.358000000000000000e+03 6.328571428571428470e+01
1.359000000000000000e+03 6.328571428571428470e+01
1.360000000000000000e+03 6.328571428571428470e+01
1.361000000000000000e+03 6.328571428571428470e+01
1.362000000000000000e+03 6.342857142857143060e+01
1.363000000000000000e+03 6.342857142857143060e+01
1.364000000000000000e+03 6.342857142857143060e+01
1.365000000000000000e+03 6.342857142857143060e+01
1.366000000000000000e+03 6.342857142857143060e+01
1.367000000000000000e+03 6.342857142857143060e+01
1.368000000000000000e+03 6.357142857142857650e+01
1.369000000000000000e+03 6.357142857142857650e+01
1.370000000000000000e+03 6.357142857142857650e+01
1.371000000000000000e+03 6.342857142857143060e+01
1.372000000000000000e+03 6.371428571428572241e+01
1.373000000000000000e+03 6.363611736000709129e+01
1.374000000000000000e+03 6.368846998851915941e+01
1.375000000000000000e+03 6.385714285714286831e+01
1.376000000000000000e+03 6.400000000000000000e+01
1.377000000000000000e+03 6.391857794194033460e+01
1.378000000000000000e+03 6.414285714285713880e+01
1.379000000000000000e+03 6.400000000000000000e+01
1.380000000000000000e+03 6.428571428571429180e+01
1.381000000000000000e+03 6.414285714285713880e+01
1.382000000000000000e+03 6.442857142857143060e+01
1.383000000000000000e+03 6.443909072653531211e+01
1.384000000000000000e+03 6.442857142857143060e+01
1.385000000000000000e+03 6.471428571428570820e+01
1.386000000000000000e+03 6.457142857142858361e+01
1.387000000000000000e+03 6.471428571428570820e+01
1.388000000000000000e+03 6.500000000000000000e+01
1.389000000000000000e+03 6.497842212755639935e+01
1.390000000000000000e+03 6.500000000000000000e+01
1.391000000000000000e+03 6.528571428571429180e+01
1.392000000000000000e+03 6.542857142857143060e+01
1.393000000000000000e+03 6.542857142857143060e+01
1.394000000000000000e+03 6.557142857142856940e+01
1.395000000000000000e+03 6.571428571428572241e+01
1.396000000000000000e+03 6.571428571428572241e+01
1.397000000000000000e+03 6.585714285714286120e+01
1.398000000000000000e+03 6.571428571428572241e+01
1.399000000000000000e+03 6.585714285714286120e+01
1.400000000000000000e+03 6.600000000000001421e+01
1.401000000000000000e+03 6.598162488749476040e+01
1.402000000000000000e+03 6.585714285714286120e+01
1.403000000000000000e+03 6.588838262267745449e+01
1.404000000000000000e+03 6.614285714285713880e+01
1.405000000000000000e+03 6.614285714285713880e+01
1.406000000000000000e+03 6.614285714285713880e+01
1.407000000000000000e+03 6.642857142857143060e+01
1.408000000000000000e+03 6.642857142857143060e+01
1.409000000000000000e+03 6.670472144618057087e+01
1.410000000000000000e+03 6.671428571428572241e+01
1.411000000000000000e+03 6.700000000000000000e+01
1.412000000000000000e+03 6.700000000000000000e+01
1.413000000000000000e+03 6.728571428571429180e+01
1.414000000000000000e+03 6.738823619764404782e+01
1.415000000000000000e+03 6.757142857142856940e+01
1.416000000000000000e+03 6.757142857142856940e+01
1.417000000000000000e+03 6.762412543464482440e+01
1.418000000000000000e+03 6.757142857142856940e+01
1.419000000000000000e+03 6.767886114368495498e+01
1.420000000000000000e+03 6.771428571428572241e+01
1.421000000000000000e+03 6.757142857142856940e+01
1.422000000000000000e+03 6.757142857142856940e+01
1.423000000000000000e+03 6.771428571428572241e+01
1.424000000000000000e+03 6.771428571428572241e+01
1.425000000000000000e+03 6.771428571428572241e+01
1.426000000000000000e+03 6.771428571428572241e+01
1.427000000000000000e+03 6.800000000000000000e+01
1.428000000000000000e+03 6.809177027044884767e+01
1.429000000000000000e+03 6.814285714285715301e+01
1.430000000000000000e+03 6.842857142857143060e+01
1.431000000000000000e+03 6.842857142857143060e+01
1.432000000000000000e+03 6.871428571428572241e+01
1.433000000000000000e+03 6.871428571428572241e+01
1.434000000000000000e+03 6.871428571428572241e+01
1.435000000000000000e+03 6.871428571428572241e+01
1.436000000000000000e+03 6.900000000000000000e+01
1.437000000000000000e+03 6.900000000000000000e+01
1.438000000000000000e+03 6.915189240349261013e+01
1.439000000000000000e+03 6.928571428571429180e+01
1.440000000000000000e+03 6.957142857142858361e+01
1.441000000000000000e+03 6.942857142857143060e+01
1.442000000000000000e+03 6.971428571428570820e+01
1.443000000000000000e+03 6.985714285714286120e+01
1.444000000000000000e+03 7.000000000000000000e+01
1.445000000000000000e+03 7.000000000000000000e+01
1.446000000000000000e+03 7.021135660735710360e+01
1.447000000000000000e+03 7.028571428571429180e+01
1.448000000000000000e+03 7.034158237072806230e+01
1.449000000000000000e+03 7.042857142857143060e+01
1.450000000000000000e+03 7.057142857142856940e+01
1.451000000000000000e+03 7.085714285714286120e+01
1.452000000000000000e+03 7.101175690182488154e+01
1.453000000000000000e+03 7.128571428571429180e+01
1.454000000000000000e+03 7.157142857142858361e+01
1.455000000000000000e+03 7.185714285714286120e+01
1.456000000000000000e+03 7.201451384287626922e+01
1.457000000000000000e+03 7.227562081410209771e+01
1.458000000000000000e+03 7.257142857142856940e+01
1.459000000000000000e+03 7.280698450430234914e+01
1.460000000000000000e+03 7.300000000000000000e+01
1.461000000000000000e+03 7.325198290361672093e+01
1.462000000000000000e+03 7.342857142857143060e+01
1.463000000000000000e+03 7.354993478565508269e+01
1.464000000000000000e+03 7.357142857142856940e+01
1.465000000000000000e+03 7.361259876284121617e+01
1.466000000000000000e+03 7.385714285714286120e+01
1.467000000000000000e+03 7.378095944352902791e+01
1.468000000000000000e+03 7.357142857142856940e+01
1.469000000000000000e+03 7.357142857142856940e+01
1.470000000000000000e+03 7.342857142857143060e+01
1.471000000000000000e+03 7.314285714285715301e+01
1.472000000000000000e+03 7.300000000000000000e+01
1.473000000000000000e+03 7.285714285714286120e+01
1.474000000000000000e+03 7.274302081231742534e+01
1.475000000000000000e+03 7.271428571428572241e+01
1.476000000000000000e+03 7.285714285714286120e+01
1.477000000000000000e+03 7.294756176337951104e+01
1.478000000000000000e+03 7.303353642646766275e+01
1.479000000000000000e+03 7.328571428571429180e+01
1.480000000000000000e+03 7.350221249405457513e+01
1.481000000000000000e+03 7.349317787209410824e+01
1.482000000000000000e+03 7.369528227878923587e+01
1.483000000000000000e+03 7.371428571428572241e+01
1.484000000000000000e+03 7.376462956633160672e+01
1.485000000000000000e+03 7.374331959820327143e+01
1.486000000000000000e+03 7.385714285714286120e+01
1.487000000000000000e+03 7.385730104702588505e+01
1.488000000000000000e+03 7.391212662623611607e+01
1.489000000000000000e+03 7.390207362999888119e+01
1.490000000000000000e+03 7.413790744683305434e+01
1.491000000000000000e+03 7.414285714285713880e+01
1.492000000000000000e+03 7.417248824233256244e+01
1.493000000000000000e+03 7.449186754612220795e+01
1.494000000000000000e+03 7.500000000000000000e+01
1.495000000000000000e+03 7.570187832217908408e+01
1.496000000000000000e+03 7.628571428571429180e+01
1.497000000000000000e+03 7.671428571428572241e+01
1.498000000000000000e+03 7.700000000000000000e+01
1.499000000000000000e+03 7.728571428571429180e+01
1.500000000000000000e+03 7.740376641963885618e+01
1.501000000000000000e+03 7.751285486197450325e+01
1.502000000000000000e+03 7.757142857142856940e+01
1.503000000000000000e+03 7.771428571428572241e+01
1.504000000000000000e+03 7.785714285714286120e+01
1.505000000000000000e+03 7.800037676927578900e+01
1.506000000000000000e+03 7.828571428571429180e+01
1.507000000000000000e+03 7.871428571428572241e+01
1.508000000000000000e+03 7.900000000000000000e+01
1.509000000000000000e+03 7.957142857142858361e+01
1.510000000000000000e+03 8.013391179231612682e+01
1.511000000000000000e+03 8.069317770398194511e+01
1.512000000000000000e+03 8.114285714285713880e+01
1.513000000000000000e+03 8.169729833781914863e+01
1.514000000000000000e+03 8.213944668471116017e+01
1.515000000000000000e+03 8.242857142857144481e+01
1.516000000000000000e+03 8.268090436165262247e+01
1.517000000000000000e+03 8.271428571428572241e+01
1.518000000000000000e+03 8.257142857142856940e+01
1.519000000000000000e+03 8.214285714285715301e+01
1.520000000000000000e+03 8.131850049318094875e+01
1.521000000000000000e+03 8.014285714285715301e+01
1.522000000000000000e+03 7.885714285714286120e+01
1.523000000000000000e+03 7.788255558617746033e+01
1.524000000000000000e+03 7.742857142857143060e+01
1.525000000000000000e+03 7.714285714285715301e+01
1.526000000000000000e+03 7.700000000000000000e+01
1.527000000000000000e+03 7.700000000000000000e+01
1.528000000000000000e+03 7.685714285714286120e+01
1.529000000000000000e+03 7.685714285714286120e+01
1.530000000000000000e+03 7.671428571428572241e+01
1.531000000000000000e+03 7.658014665423102940e+01
1.532000000000000000e+03 7.657142857142858361e+01
1.533000000000000000e+03 7.631405699540459864e+01
1.534000000000000000e+03 7.628571428571429180e+01
1.535000000000000000e+03 7.600000000000001421e+01
1.536000000000000000e+03 7.542857142857143060e+01
1.537000000000000000e+03 7.514285714285715301e+01
1.538000000000000000e+03 7.485714285714286120e+01
1.539000000000000000e+03 7.457142857142858361e+01
1.540000000000000000e+03 7.401724205802496215e+01
1.541000000000000000e+03 7.371428571428572241e+01
1.542000000000000000e+03 7.342857142857143060e+01
1.543000000000000000e+03 7.300000000000000000e+01
1.544000000000000000e+03 7.271428571428572241e+01
1.545000000000000000e+03 7.257142857142856940e+01
1.546000000000000000e+03 7.214285714285715301e+01
1.547000000000000000e+03 7.171428571428572241e+01
1.548000000000000000e+03 7.114285714285713880e+01
1.549000000000000000e+03 7.071428571428572241e+01
1.550000000000000000e+03 7.056759762142041836e+01
1.551000000000000000e+03 7.057142857142856940e+01
1.552000000000000000e+03 7.085714285714286120e+01
1.553000000000000000e+03 7.114285714285713880e+01
1.554000000000000000e+03 7.148792767348692223e+01
1.555000000000000000e+03 7.171428571428572241e+01
1.556000000000000000e+03 7.200000000000000000e+01
1.557000000000000000e+03 7.214285714285715301e+01
1.558000000000000000e+03 7.200000000000000000e+01
1.559000000000000000e+03 7.185714285714286120e+01
1.560000000000000000e+03 7.157142857142858361e+01
1.561000000000000000e+03 7.114285714285713880e+01
1.562000000000000000e+03 7.085714285714286120e+01
1.563000000000000000e+03 7.042857142857143060e+01
1.564000000000000000e+03 7.028571428571429180e+01
1.565000000000000000e+03 7.014285714285715301e+01
1.566000000000000000e+03 7.020376510053995389e+01
1.567000000000000000e+03 7.054159574003739408e+01
1.568000000000000000e+03 7.081612425151104162e+01
1.569000000000000000e+03 7.100000000000001421e+01
1.570000000000000000e+03 7.128571428571429180e+01
1.571000000000000000e+03 7.142857142857143060e+01
1.572000000000000000e+03 7.157142857142858361e+01
1.573000000000000000e+03 7.171428571428572241e+01
1.574000000000000000e+03 7.185714285714286120e+01
1.575000000000000000e+03 7.185714285714286120e+01
1.576000000000000000e+03 7.185714285714286120e+01
1.577000000000000000e+03 7.183361270509372787e+01
1.578000000000000000e+03 7.171428571428572241e+01
1.579000000000000000e+03 7.157142857142858361e+01
1.580000000000000000e+03 7.142857142857143060e+01
1.581000000000000000e+03 7.128571428571429180e+01
1.582000000000000000e+03 7.128571428571429180e+01
1.583000000000000000e+03 7.144699895873483797e+01
1.584000000000000000e+03 7.171428571428572241e+01
1.585000000000000000e+03 7.204878699413119136e+01
1.586000000000000000e+03 7.242857142857143060e+01
1.587000000000000000e+03 7.285714285714286120e+01
1.588000000000000000e+03 7.300000000000000000e+01
1.589000000000000000e+03 7.326254425552845362e+01
1.590000000000000000e+03 7.342857142857143060e+01
1.591000000000000000e+03 7.371428571428572241e+01
1.592000000000000000e+03 7.400000000000000000e+01
1.593000000000000000e+03 7.428571428571429180e+01
1.594000000000000000e+03 7.428571428571429180e+01
1.595000000000000000e+03 7.414285714285713880e+01
1.596000000000000000e+03 7.400000000000000000e+01
1.597000000000000000e+03 7.371428571428572241e+01
1.598000000000000000e+03 7.328571428571429180e+01
1.599000000000000000e+03 7.285714285714286120e+01
1.600000000000000000e+03 7.257142857142856940e+01
1.601000000000000000e+03 7.257142857142856940e+01
1.602000000000000000e+03 7.294846905334141240e+01
1.603000000000000000e+03 7.334479752859635937e+01
1.604000000000000000e+03 7.385714285714286120e+01
1.605000000000000000e+03 7.428571428571429180e+01
1.606000000000000000e+03 7.453428771477859982e+01
1.607000000000000000e+03 7.471428571428570820e+01
1.608000000000000000e+03 7.499564001187675899e+01
1.609000000000000000e+03 7.514285714285715301e+01
1.610000000000000000e+03 7.542857142857143060e+01
1.611000000000000000e+03 7.571212240402763882e+01
1.612000000000000000e+03 7.600000000000001421e+01
1.613000000000000000e+03 7.642857142857143060e+01
1.614000000000000000e+03 7.685714285714286120e+01
1.615000000000000000e+03 7.742857142857143060e+01
1.616000000000000000e+03 7.785714285714286120e+01
1.617000000000000000e+03 7.842857142857143060e+01
1.618000000000000000e+03 7.900000000000000000e+01
1.619000000000000000e+03 7.971428571428570820e+01
1.620000000000000000e+03 8.042106650283923841e+01
1.621000000000000000e+03 8.114285714285713880e+01
1.622000000000000000e+03 8.185714285714286120e+01
1.623000000000000000e+03 8.257142857142856940e+01
1.624000000000000000e+03 8.346686104075399726e+01
1.625000000000000000e+03 8.433869147136670108e+01
1.626000000000000000e+03 8.501052887062698460e+01
1.627000000000000000e+03 8.542857142857143060e+01
1.628000000000000000e+03 8.571428571428572241e+01
1.629000000000000000e+03 8.557142857142856940e+01
1.630000000000000000e+03 8.514285714285715301e+01
1.631000000000000000e+03 8.457142857142858361e+01
1.632000000000000000e+03 8.414285714285715301e+01
1.633000000000000000e+03 8.385714285714286120e+01
1.634000000000000000e+03 8.371428571428572241e+01
1.635000000000000000e+03 8.357142857142858361e+01
1.636000000000000000e+03 8.342857142857143060e+01
1.637000000000000000e+03 8.314285714285715301e+01
1.638000000000000000e+03 8.271428571428572241e+01
1.639000000000000000e+03 8.228571428571429180e+01
1.640000000000000000e+03 8.185714285714286120e+01
1.641000000000000000e+03 8.185714285714286120e+01
1.642000000000000000e+03 8.171428571428572241e+01
1.643000000000000000e+03 8.171428571428572241e+01
1.644000000000000000e+03 8.157142857142858361e+01
1.645000000000000000e+03 8.157142857142858361e+01
1.646000000000000000e+03 8.157142857142858361e+01
1.647000000000000000e+03 8.142857142857143060e+01
1.648000000000000000e+03 8.142857142857143060e+01
1.649000000000000000e+03 8.128571428571429180e+01
1.650000000000000000e+03 8.085714285714286120e+01
1.651000000000000000e+03 8.028571428571429180e+01
1.652000000000000000e+03 8.000000000000000000e+01
1.653000000000000000e+03 7.971428571428570820e+01
1.654000000000000000e+03 7.985714285714286120e+01
1.655000000000000000e+03 8.000000000000000000e+01
1.656000000000000000e+03 8.014285714285715301e+01
1.657000000000000000e+03 8.028571428571429180e+01
1.658000000000000000e+03 8.057142857142856940e+01
1.659000000000000000e+03 8.085714285714286120e+01
1.660000000000000000e+03 8.128571428571429180e+01
1.661000000000000000e+03 8.157142857142858361e+01
1.662000000000000000e+03 8.165772863500143330e+01
1.663000000000000000e+03 8.157142857142858361e+01
1.664000000000000000e+03 8.128571428571429180e+01
1.665000000000000000e+03 8.085714285714286120e+01
1.666000000000000000e+03 8.057142857142856940e+01
1.667000000000000000e+03 8.014285714285715301e+01
1.668000000000000000e+03 8.011600485705767483e+01
1.669000000000000000e+03 8.014285714285715301e+01
1.670000000000000000e+03 8.028571428571429180e+01
1.671000000000000000e+03 8.042857142857143060e+01
1.672000000000000000e+03 8.042857142857143060e+01
1.673000000000000000e+03 8.028571428571429180e+01
1.674000000000000000e+03 8.028571428571429180e+01
1.675000000000000000e+03 8.028571428571429180e+01
1.676000000000000000e+03 8.028571428571429180e+01
1.677000000000000000e+03 8.028571428571429180e+01
1.678000000000000000e+03 8.028571428571429180e+01
1.679000000000000000e+03 8.006214611715473950e+01
1.680000000000000000e+03 7.980530825818161134e+01
1.681000000000000000e+03 7.957142857142858361e+01
1.682000000000000000e+03 7.942857142857143060e+01
1.683000000000000000e+03 7.957142857142858361e+01
1.684000000000000000e+03 7.971428571428570820e+01
1.685000000000000000e+03 7.985714285714286120e+01
1.686000000000000000e+03 8.000000000000000000e+01
1.687000000000000000e+03 8.000000000000000000e+01
1.688000000000000000e+03 7.971641435040454837e+01
1.689000000000000000e+03 7.946301037595988248e+01
1.690000000000000000e+03 7.928571428571429180e+01
1.691000000000000000e+03 7.928571428571429180e+01
1.692000000000000000e+03 7.942857142857143060e+01
1.693000000000000000e+03 7.957142857142858361e+01
1.694000000000000000e+03 7.971428571428570820e+01
1.695000000000000000e+03 7.985714285714286120e+01
1.696000000000000000e+03 7.985714285714286120e+01
1.697000000000000000e+03 8.000000000000000000e+01
1.698000000000000000e+03 7.997272102020353657e+01
1.699000000000000000e+03 7.985714285714286120e+01
1.700000000000000000e+03 7.985714285714286120e+01
1.701000000000000000e+03 7.971428571428570820e+01
1.702000000000000000e+03 7.968263354420119526e+01
1.703000000000000000e+03 7.957142857142858361e+01
1.704000000000000000e+03 7.957142857142858361e+01
1.705000000000000000e+03 7.942857142857143060e+01
1.706000000000000000e+03 7.934631779811817864e+01
1.707000000000000000e+03 7.928571428571429180e+01
1.708000000000000000e+03 7.928571428571429180e+01
1.709000000000000000e+03 7.957142857142858361e+01
1.710000000000000000e+03 7.985714285714286120e+01
1.711000000000000000e+03 8.000000000000000000e+01
1.712000000000000000e+03 8.000000000000000000e+01
1.713000000000000000e+03 7.985714285714286120e+01
1.714000000000000000e+03 7.946091587244565346e+01
1.715000000000000000e+03 7.914285714285713880e+01
1.716000000000000000e+03 7.857142857142856940e+01
1.717000000000000000e+03 7.814285714285715301e+01
1.718000000000000000e+03 7.757142857142856940e+01
1.719000000000000000e+03 7.714285714285715301e+01
1.720000000000000000e+03 7.671428571428572241e+01
1.721000000000000000e+03 7.657142857142858361e+01
1.722000000000000000e+03 7.642857142857143060e+01
1.723000000000000000e+03 7.642857142857143060e+01
1.724000000000000000e+03 7.657142857142858361e+01
1.725000000000000000e+03 7.642857142857143060e+01
1.726000000000000000e+03 7.628571428571429180e+01
1.727000000000000000e+03 7.600000000000001421e+01
1.728000000000000000e+03 7.585714285714286120e+01
1.729000000000000000e+03 7.600000000000001421e+01
1.730000000000000000e+03 7.628571428571429180e+01
1.731000000000000000e+03 7.657142857142858361e+01
1.732000000000000000e+03 7.700000000000000000e+01
1.733000000000000000e+03 7.714285714285715301e+01
1.734000000000000000e+03 7.714285714285715301e+01
1.735000000000000000e+03 7.685714285714286120e+01
1.736000000000000000e+03 7.671428571428572241e+01
1.737000000000000000e+03 7.671428571428572241e+01
1.738000000000000000e+03 7.671428571428572241e+01
1.739000000000000000e+03 7.642857142857143060e+01
1.740000000000000000e+03 7.628571428571429180e+01
1.741000000000000000e+03 7.600000000000001421e+01
1.742000000000000000e+03 7.571428571428572241e+01
1.743000000000000000e+03 7.557142857142856940e+01
1.744000000000000000e+03 7.571428571428572241e+01
1.745000000000000000e+03 7.585714285714286120e+01
1.746000000000000000e+03 7.600000000000001421e+01
1.747000000000000000e+03 7.614285714285713880e+01
1.748000000000000000e+03 7.642857142857143060e+01
1.749000000000000000e+03 7.685714285714286120e+01
1.750000000000000000e+03 7.714285714285715301e+01
1.751000000000000000e+03 7.742857142857143060e+01
1.752000000000000000e+03 7.750902054831834675e+01
1.753000000000000000e+03 7.757142857142856940e+01
1.754000000000000000e+03 7.747419098633825740e+01
1.755000000000000000e+03 7.757142857142856940e+01
1.756000000000000000e+03 7.771428571428572241e+01
1.757000000000000000e+03 7.785714285714286120e+01
1.758000000000000000e+03 7.785714285714286120e+01
1.759000000000000000e+03 7.757632903297508165e+01
1.760000000000000000e+03 7.742857142857143060e+01
1.761000000000000000e+03 7.725007856563981079e+01
1.762000000000000000e+03 7.722352245288934114e+01
1.763000000000000000e+03 7.726842952607472625e+01
1.764000000000000000e+03 7.721402917246963682e+01
1.765000000000000000e+03 7.714285714285715301e+01
1.766000000000000000e+03 7.685714285714286120e+01
1.767000000000000000e+03 7.657142857142858361e+01
1.768000000000000000e+03 7.600000000000001421e+01
1.769000000000000000e+03 7.557142857142856940e+01
1.770000000000000000e+03 7.528571428571429180e+01
1.771000000000000000e+03 7.514285714285715301e+01
1.772000000000000000e+03 7.514285714285715301e+01
1.773000000000000000e+03 7.514285714285715301e+01
1.774000000000000000e+03 7.542857142857143060e+01
1.775000000000000000e+03 7.557142857142856940e+01
1.776000000000000000e+03 7.542857142857143060e+01
1.777000000000000000e+03 7.500000000000000000e+01
1.778000000000000000e+03 7.442857142857143060e+01
1.779000000000000000e+03 7.385714285714286120e+01
1.780000000000000000e+03 7.357142857142856940e+01
1.781000000000000000e+03 7.342857142857143060e+01
1.782000000000000000e+03 7.357142857142856940e+01
1.783000000000000000e+03 7.400000000000000000e+01
1.784000000000000000e+03 7.414285714285713880e+01
1.785000000000000000e+03 7.428571428571429180e+01
1.786000000000000000e+03 7.442857142857143060e+01
1.787000000000000000e+03 7.457142857142858361e+01
1.788000000000000000e+03 7.471428571428570820e+01
1.789000000000000000e+03 7.471428571428570820e+01
1.790000000000000000e+03 7.496201340016156678e+01
1.791000000000000000e+03 7.514285714285715301e+01
1.792000000000000000e+03 7.514285714285715301e+01
1.793000000000000000e+03 7.514285714285715301e+01
1.794000000000000000e+03 7.500000000000000000e+01
1.795000000000000000e+03 7.485714285714286120e+01
1.796000000000000000e+03 7.538430097698497434e+01
1.797000000000000000e+03 7.600000000000001421e+01
1.798000000000000000e+03 7.657142857142858361e+01
1.799000000000000000e+03 7.685714285714286120e+01
1.800000000000000000e+03 7.715533274528938534e+01
1.801000000000000000e+03 7.742857142857143060e+01
1.802000000000000000e+03 7.742857142857143060e+01
1.803000000000000000e+03 7.714285714285715301e+01
1.804000000000000000e+03 7.685714285714286120e+01
1.805000000000000000e+03 7.699856615059879061e+01
1.806000000000000000e+03 7.700808174554671837e+01
1.807000000000000000e+03 7.714285714285715301e+01
1.808000000000000000e+03 7.728571428571429180e+01
1.809000000000000000e+03 7.747192380463751249e+01
1.810000000000000000e+03 7.785714285714286120e+01
1.811000000000000000e+03 7.814285714285715301e+01
1.812000000000000000e+03 7.842857142857143060e+01
1.813000000000000000e+03 7.871428571428572241e+01
1.814000000000000000e+03 7.885714285714286120e+01
1.815000000000000000e+03 7.897888757903743340e+01
1.816000000000000000e+03 7.911446972992656868e+01
1.817000000000000000e+03 7.914285714285713880e+01
1.818000000000000000e+03 7.928571428571429180e+01
1.819000000000000000e+03 7.928571428571429180e+01
1.820000000000000000e+03 7.939467092517156743e+01
1.821000000000000000e+03 7.962332083828036389e+01
1.822000000000000000e+03 8.011030300749395394e+01
1.823000000000000000e+03 8.057142857142856940e+01
1.824000000000000000e+03 8.100000000000001421e+01
1.825000000000000000e+03 8.114285714285713880e+01
1.826000000000000000e+03 8.085714285714286120e+01
1.827000000000000000e+03 8.008277430250852547e+01
1.828000000000000000e+03 7.885714285714286120e+01
1.829000000000000000e+03 7.785714285714286120e+01
1.830000000000000000e+03 7.714285714285715301e+01
1.831000000000000000e+03 7.671428571428572241e+01
1.832000000000000000e+03 7.657142857142858361e+01
1.833000000000000000e+03 7.657142857142858361e+01
1.834000000000000000e+03 7.657142857142858361e+01
1.835000000000000000e+03 7.657142857142858361e+01
1.836000000000000000e+03 7.657142857142858361e+01
1.837000000000000000e+03 7.642857142857143060e+01
1.838000000000000000e+03 7.614285714285713880e+01
1.839000000000000000e+03 7.600000000000001421e+01
1.840000000000000000e+03 7.600000000000001421e+01
1.841000000000000000e+03 7.614285714285713880e+01
1.842000000000000000e+03 7.619652536210558935e+01
1.843000000000000000e+03 7.628571428571429180e+01
1.844000000000000000e+03 7.628571428571429180e+01
1.845000000000000000e+03 7.628571428571429180e+01
1.846000000000000000e+03 7.614285714285713880e+01
1.847000000000000000e+03 7.585714285714286120e+01
1.848000000000000000e+03 7.571428571428572241e+01
1.849000000000000000e+03 7.571428571428572241e+01
1.850000000000000000e+03 7.600000000000001421e+01
1.851000000000000000e+03 7.614285714285713880e+01
1.852000000000000000e+03 7.614285714285713880e+01
1.853000000000000000e+03 7.600000000000001421e+01
1.854000000000000000e+03 7.600000000000001421e+01
1.855000000000000000e+03 7.600000000000001421e+01
1.856000000000000000e+03 7.600000000000001421e+01
1.857000000000000000e+03 7.571428571428572241e+01
1.858000000000000000e+03 7.571428571428572241e+01
1.859000000000000000e+03 7.557142857142856940e+01
1.860000000000000000e+03 7.528571428571429180e+01
1.861000000000000000e+03 7.514285714285715301e+01
1.862000000000000000e+03 7.542857142857143060e+01
1.863000000000000000e+03 7.571428571428572241e+01
1.864000000000000000e+03 7.600000000000001421e+01
1.865000000000000000e+03 7.628571428571429180e+01
1.866000000000000000e+03 7.657142857142858361e+01
1.867000000000000000e+03 7.671428571428572241e+01
1.868000000000000000e+03 7.700000000000000000e+01
1.869000000000000000e+03 7.714285714285715301e+01
1.870000000000000000e+03 7.742857142857143060e+01
1.871000000000000000e+03 7.757142857142856940e+01
1.872000000000000000e+03 7.771428571428572241e+01
1.873000000000000000e+03 7.771428571428572241e+01
1.874000000000000000e+03 7.720635258574355930e+01
1.875000000000000000e+03 7.786702926453618545e+01
1.876000000000000000e+03 7.773758308216457635e+01
1.877000000000000000e+03 7.785714285714286120e+01
1.878000000000000000e+03 7.771428571428572241e+01
1.879000000000000000e+03 7.771428571428572241e+01
1.880000000000000000e+03 7.757142857142856940e+01
1.881000000000000000e+03 7.742857142857143060e+01
1.882000000000000000e+03 7.714285714285715301e+01
1.883000000000000000e+03 7.685714285714286120e+01
1.884000000000000000e+03 7.657142857142858361e+01
1.885000000000000000e+03 7.642857142857143060e+01
1.886000000000000000e+03 7.636076227137398575e+01
1.887000000000000000e+03 7.642857142857143060e+01
1.888000000000000000e+03 7.657142857142858361e+01
1.889000000000000000e+03 7.678720783659268534e+01
1.890000000000000000e+03 7.714285714285715301e+01
1.891000000000000000e+03 7.786081319631598774e+01
1.892000000000000000e+03 7.900000000000000000e+01
1.893000000000000000e+03 8.057142857142856940e+01
1.894000000000000000e+03 8.269144333009128900e+01
1.895000000000000000e+03 8.442857142857143060e+01
1.896000000000000000e+03 8.513353690045566680e+01
1.897000000000000000e+03 8.400000000000000000e+01
1.898000000000000000e+03 8.157142857142858361e+01
1.899000000000000000e+03 7.954945592370705754e+01
1.900000000000000000e+03 7.828571428571429180e+01
1.901000000000000000e+03 7.728571428571429180e+01
1.902000000000000000e+03 7.642857142857143060e+01
1.903000000000000000e+03 7.585714285714286120e+01
1.904000000000000000e+03 7.542857142857143060e+01
1.905000000000000000e+03 7.528571428571429180e+01
1.906000000000000000e+03 7.528571428571429180e+01
1.907000000000000000e+03 7.557142857142856940e+01
1.908000000000000000e+03 7.614285714285713880e+01
1.909000000000000000e+03 7.698213042226277025e+01
1.910000000000000000e+03 7.800000000000000000e+01
1.911000000000000000e+03 7.928571428571429180e+01
1.912000000000000000e+03 8.028571428571429180e+01
1.913000000000000000e+03 8.114285714285713880e+01
1.914000000000000000e+03 8.185714285714286120e+01
1.915000000000000000e+03 8.228571428571429180e+01
1.916000000000000000e+03 8.228571428571429180e+01
1.917000000000000000e+03 8.197600219273091682e+01
1.918000000000000000e+03 8.128571428571429180e+01
1.919000000000000000e+03 8.042857142857143060e+01
1.920000000000000000e+03 7.957142857142858361e+01
1.921000000000000000e+03 7.914285714285713880e+01
1.922000000000000000e+03 7.885714285714286120e+01
1.923000000000000000e+03 7.885714285714286120e+01
1.924000000000000000e+03 7.857142857142856940e+01
1.925000000000000000e+03 7.792860125676098448e+01
1.926000000000000000e+03 7.714285714285715301e+01
1.927000000000000000e+03 7.714285714285715301e+01
1.928000000000000000e+03 7.728571428571429180e+01
1.929000000000000000e+03 7.742857142857143060e+01
1.930000000000000000e+03 7.742857142857143060e+01
1.931000000000000000e+03 7.714285714285715301e+01
1.932000000000000000e+03 7.685714285714286120e+01
1.933000000000000000e+03 7.657142857142858361e+01
1.934000000000000000e+03 7.671428571428572241e+01
1.935000000000000000e+03 7.685714285714286120e+01
1.936000000000000000e+03 7.728571428571429180e+01
1.937000000000000000e+03 7.778585186392970741e+01
1.938000000000000000e+03 7.828571428571429180e+01
1.939000000000000000e+03 7.885714285714286120e+01
1.940000000000000000e+03 7.931325868898566966e+01
1.941000000000000000e+03 7.971428571428570820e+01
1.942000000000000000e+03 7.985714285714286120e+01
1.943000000000000000e+03 8.000000000000000000e+01
1.944000000000000000e+03 8.000000000000000000e+01
1.945000000000000000e+03 7.997567073704468044e+01
1.946000000000000000e+03 7.971428571428570820e+01
1.947000000000000000e+03 7.928571428571429180e+01
1.948000000000000000e+03 7.900000000000000000e+01
1.949000000000000000e+03 7.914285714285713880e+01
1.950000000000000000e+03 7.928571428571429180e+01
1.951000000000000000e+03 7.942857142857143060e+01
1.952000000000000000e+03 7.983258246554913740e+01
1.953000000000000000e+03 8.000000000000000000e+01
1.954000000000000000e+03 7.987314052368263617e+01
1.955000000000000000e+03 7.971428571428570820e+01
1.956000000000000000e+03 7.928571428571429180e+01
1.957000000000000000e+03 7.900000000000000000e+01
1.958000000000000000e+03 7.900000000000000000e+01
1.959000000000000000e+03 7.885714285714286120e+01
1.960000000000000000e+03 7.885714285714286120e+01
1.961000000000000000e+03 7.885714285714286120e+01
1.962000000000000000e+03 7.900000000000000000e+01
1.963000000000000000e+03 7.957142857142858361e+01
1.964000000000000000e+03 8.032658394991494788e+01
1.965000000000000000e+03 8.114285714285713880e+01
1.966000000000000000e+03 8.171428571428572241e+01
1.967000000000000000e+03 8.228571428571429180e+01
1.968000000000000000e+03 8.271428571428572241e+01
1.969000000000000000e+03 8.328571428571429180e+01
1.970000000000000000e+03 8.385714285714286120e+01
1.971000000000000000e+03 8.457142857142858361e+01
1.972000000000000000e+03 8.514285714285715301e+01
1.973000000000000000e+03 8.571428571428572241e+01
1.974000000000000000e+03 8.604247536109478744e+01
1.975000000000000000e+03 8.657142857142858361e+01
1.976000000000000000e+03 8.642857142857143060e+01
1.977000000000000000e+03 8.442857142857143060e+01
1.978000000000000000e+03 8.028571428571429180e+01
1.979000000000000000e+03 7.928571428571429180e+01
1.980000000000000000e+03 7.888930262070368826e+01
1.981000000000000000e+03 7.900000000000000000e+01
1.982000000000000000e+03 7.914285714285713880e+01
1.983000000000000000e+03 7.914285714285713880e+01
1.984000000000000000e+03 7.942857142857143060e+01
1.985000000000000000e+03 8.000000000000000000e+01
1.986000000000000000e+03 8.085714285714286120e+01
1.987000000000000000e+03 8.200000000000000000e+01
1.988000000000000000e+03 8.332609977749794439e+01
1.989000000000000000e+03 8.457142857142858361e+01
1.990000000000000000e+03 8.542857142857143060e+01
1.991000000000000000e+03 8.600000000000001421e+01
1.992000000000000000e+03 8.642857142857143060e+01
1.993000000000000000e+03 8.671428571428572241e+01
1.994000000000000000e+03 8.700000000000000000e+01
1.995000000000000000e+03 8.714285714285715301e+01
1.996000000000000000e+03 8.691698622459587398e+01
1.997000000000000000e+03 8.628571428571429180e+01
1.998000000000000000e+03 8.514285714285715301e+01
1.999000000000000000e+03 8.371428571428572241e+01
2.000000000000000000e+03 8.214285714285715301e+01
2.001000000000000000e+03 8.071428571428572241e+01
2.002000000000000000e+03 7.957142857142858361e+01
2.003000000000000000e+03 7.857142857142856940e+01
2.004000000000000000e+03 7.785714285714286120e+01
2.005000000000000000e+03 7.696343902716270691e+01
2.006000000000000000e+03 7.600000000000001421e+01
2.007000000000000000e+03 7.500000000000000000e+01
2.008000000000000000e+03 7.400000000000000000e+01
2.009000000000000000e+03 7.300000000000000000e+01
2.010000000000000000e+03 7.173159415015828699e+01
2.011000000000000000e+03 7.114285714285713880e+01
2.012000000000000000e+03 7.100000000000001421e+01
2.013000000000000000e+03 7.100000000000001421e+01
2.014000000000000000e+03 7.085714285714286120e+01
2.015000000000000000e+03 7.072769475028434272e+01
2.016000000000000000e+03 7.114285714285713880e+01
2.017000000000000000e+03 7.160976799082366995e+01
2.018000000000000000e+03 7.220361002489080704e+01
2.019000000000000000e+03 7.271428571428572241e+01
2.020000000000000000e+03 7.328571428571429180e+01
2.021000000000000000e+03 7.385714285714286120e+01
2.022000000000000000e+03 7.457142857142858361e+01
2.023000000000000000e+03 7.528571428571429180e+01
2.024000000000000000e+03 7.614285714285713880e+01
2.025000000000000000e+03 7.685714285714286120e+01
2.026000000000000000e+03 7.757142857142856940e+01
2.027000000000000000e+03 7.814285714285715301e+01
2.028000000000000000e+03 7.842857142857143060e+01
2.029000000000000000e+03 7.839648345184714628e+01
2.030000000000000000e+03 7.757142857142856940e+01
2.031000000000000000e+03 7.657142857142858361e+01
2.032000000000000000e+03 7.571428571428572241e+01
2.033000000000000000e+03 7.542857142857143060e+01
2.034000000000000000e+03 7.500000000000000000e+01
2.035000000000000000e+03 7.414285714285713880e+01
2.036000000000000000e+03 7.342857142857143060e+01
2.037000000000000000e+03 7.328571428571429180e+01
2.038000000000000000e+03 7.314285714285715301e+01
2.039000000000000000e+03 7.285714285714286120e+01
2.040000000000000000e+03 7.257142857142856940e+01
2.041000000000000000e+03 7.214285714285715301e+01
2.042000000000000000e+03 7.196935451975767251e+01
2.043000000000000000e+03 7.185714285714286120e+01
2.044000000000000000e+03 7.171428571428572241e+01
2.045000000000000000e+03 7.171428571428572241e+01
2.046000000000000000e+03 7.200000000000000000e+01
2.047000000000000000e+03 7.200000000000000000e+01
2.048000000000000000e+03 7.171428571428572241e+01
2.049000000000000000e+03 7.128571428571429180e+01
2.050000000000000000e+03 7.100000000000001421e+01
2.051000000000000000e+03 7.057142857142856940e+01
2.052000000000000000e+03 7.057142857142856940e+01
2.053000000000000000e+03 7.057142857142856940e+01
2.054000000000000000e+03 7.071428571428572241e+01
2.055000000000000000e+03 7.100000000000001421e+01
2.056000000000000000e+03 7.114285714285713880e+01
2.057000000000000000e+03 7.114285714285713880e+01
2.058000000000000000e+03 7.114285714285713880e+01
2.059000000000000000e+03 7.128571428571429180e+01
2.060000000000000000e+03 7.134027059139145877e+01
2.061000000000000000e+03 7.180134402621322920e+01
2.062000000000000000e+03 7.219947854114646191e+01
2.063000000000000000e+03 7.257142857142856940e+01
2.064000000000000000e+03 7.285714285714286120e+01
2.065000000000000000e+03 7.314285714285715301e+01
2.066000000000000000e+03 7.342857142857143060e+01
2.067000000000000000e+03 7.371428571428572241e+01
2.068000000000000000e+03 7.400000000000000000e+01
2.069000000000000000e+03 7.414285714285713880e+01
2.070000000000000000e+03 7.442857142857143060e+01
2.071000000000000000e+03 7.471428571428570820e+01
2.072000000000000000e+03 7.514285714285715301e+01
2.073000000000000000e+03 7.557142857142856940e+01
2.074000000000000000e+03 7.628571428571429180e+01
2.075000000000000000e+03 7.700000000000000000e+01
2.076000000000000000e+03 7.798497722154579037e+01
2.077000000000000000e+03 7.885714285714286120e+01
2.078000000000000000e+03 7.985714285714286120e+01
2.079000000000000000e+03 8.100000000000001421e+01
2.080000000000000000e+03 8.200000000000000000e+01
2.081000000000000000e+03 8.271428571428572241e+01
2.082000000000000000e+03 8.338180991297987532e+01
2.083000000000000000e+03 8.371428571428572241e+01
2.084000000000000000e+03 8.357142857142858361e+01
2.085000000000000000e+03 8.285714285714286120e+01
2.086000000000000000e+03 8.188903644359398015e+01
2.087000000000000000e+03 8.128571428571429180e+01
2.088000000000000000e+03 8.128571428571429180e+01
2.089000000000000000e+03 8.142857142857143060e+01
2.090000000000000000e+03 8.142857142857143060e+01
2.091000000000000000e+03 8.128571428571429180e+01
2.092000000000000000e+03 8.128571428571429180e+01
2.093000000000000000e+03 8.114285714285713880e+01
2.094000000000000000e+03 8.128571428571429180e+01
2.095000000000000000e+03 8.100000000000001421e+01
2.096000000000000000e+03 8.042857142857143060e+01
2.097000000000000000e+03 8.000000000000000000e+01
2.098000000000000000e+03 7.985714285714286120e+01
2.099000000000000000e+03 7.985714285714286120e+01
2.100000000000000000e+03 7.957142857142858361e+01
2.101000000000000000e+03 7.928571428571429180e+01
2.102000000000000000e+03 7.900000000000000000e+01
2.103000000000000000e+03 7.885714285714286120e+01
2.104000000000000000e+03 7.871428571428572241e+01
2.105000000000000000e+03 7.857142857142856940e+01
2.106000000000000000e+03 7.842857142857143060e+01
2.107000000000000000e+03 7.857142857142856940e+01
2.108000000000000000e+03 7.914285714285713880e+01
2.109000000000000000e+03 8.028571428571429180e+01
2.110000000000000000e+03 8.114285714285713880e+01
2.111000000000000000e+03 8.042857142857143060e+01
2.112000000000000000e+03 7.842857142857143060e+01
2.113000000000000000e+03 7.714285714285715301e+01
2.114000000000000000e+03 7.614285714285713880e+01
2.115000000000000000e+03 7.469296039046334101e+01
2.116000000000000000e+03 7.285714285714286120e+01
2.117000000000000000e+03 7.128571428571429180e+01
2.118000000000000000e+03 7.071428571428572241e+01
2.119000000000000000e+03 7.057142857142856940e+01
2.120000000000000000e+03 7.057475881339851753e+01
2.121000000000000000e+03 7.084710100649132869e+01
2.122000000000000000e+03 7.086090196596428825e+01
2.123000000000000000e+03 7.104592039074113075e+01
2.124000000000000000e+03 7.142857142857143060e+01
2.125000000000000000e+03 7.185714285714286120e+01
2.126000000000000000e+03 7.257142857142856940e+01
2.127000000000000000e+03 7.328571428571429180e+01
2.128000000000000000e+03 7.385714285714286120e+01
2.129000000000000000e+03 7.471428571428570820e+01
2.130000000000000000e+03 7.571428571428572241e+01
2.131000000000000000e+03 7.685714285714286120e+01
2.132000000000000000e+03 7.831288676825556649e+01
2.133000000000000000e+03 7.957142857142858361e+01
2.134000000000000000e+03 8.014285714285715301e+01
2.135000000000000000e+03 7.963280285201744846e+01
2.136000000000000000e+03 7.785714285714286120e+01
2.137000000000000000e+03 7.657142857142858361e+01
2.138000000000000000e+03 7.600000000000001421e+01
2.139000000000000000e+03 7.520937976614112586e+01
2.140000000000000000e+03 7.457142857142858361e+01
2.141000000000000000e+03 7.414285714285713880e+01
2.142000000000000000e+03 7.410119994545779321e+01
2.143000000000000000e+03 7.426208992452609436e+01
2.144000000000000000e+03 7.442479920416197103e+01
2.145000000000000000e+03 7.428571428571429180e+01
2.146000000000000000e+03 7.385714285714286120e+01
2.147000000000000000e+03 7.371428571428572241e+01
2.148000000000000000e+03 7.371428571428572241e+01
2.149000000000000000e+03 7.414285714285713880e+01
2.150000000000000000e+03 7.442857142857143060e+01
2.151000000000000000e+03 7.471428571428570820e+01
2.152000000000000000e+03 7.514285714285715301e+01
2.153000000000000000e+03 7.542857142857143060e+01
2.154000000000000000e+03 7.571428571428572241e+01
2.155000000000000000e+03 7.600000000000001421e+01
2.156000000000000000e+03 7.642857142857143060e+01
2.157000000000000000e+03 7.685714285714286120e+01
2.158000000000000000e+03 7.742857142857143060e+01
2.159000000000000000e+03 7.837630218205501365e+01
2.160000000000000000e+03 7.957142857142858361e+01
2.161000000000000000e+03 8.100000000000001421e+01
2.162000000000000000e+03 8.228571428571429180e+01
2.163000000000000000e+03 8.314624157519320136e+01
2.164000000000000000e+03 8.400000000000000000e+01
2.165000000000000000e+03 8.456105243653917114e+01
2.166000000000000000e+03 8.500000000000000000e+01
2.167000000000000000e+03 8.542857142857143060e+01
2.168000000000000000e+03 8.434173315522971848e+01
2.169000000000000000e+03 8.157142857142858361e+01
2.170000000000000000e+03 8.007631229741917878e+01
2.171000000000000000e+03 7.942857142857143060e+01
2.172000000000000000e+03 7.892837480433966846e+01
2.173000000000000000e+03 7.800000000000000000e+01
2.174000000000000000e+03 7.685714285714286120e+01
2.175000000000000000e+03 7.571185573602751617e+01
2.176000000000000000e+03 7.442857142857143060e+01
2.177000000000000000e+03 7.400000000000000000e+01
2.178000000000000000e+03 7.414285714285713880e+01
2.179000000000000000e+03 7.442857142857143060e+01
2.180000000000000000e+03 7.414285714285713880e+01
2.181000000000000000e+03 7.300000000000000000e+01
2.182000000000000000e+03 7.185714285714286120e+01
2.183000000000000000e+03 7.114285714285713880e+01
2.184000000000000000e+03 7.028571428571429180e+01
2.185000000000000000e+03 6.942857142857143060e+01
2.186000000000000000e+03 6.900000000000000000e+01
2.187000000000000000e+03 6.828571428571429180e+01
2.188000000000000000e+03 6.771428571428572241e+01
2.189000000000000000e+03 6.700000000000000000e+01
2.190000000000000000e+03 6.657142857142858361e+01
2.191000000000000000e+03 6.657142857142858361e+01
2.192000000000000000e+03 6.671428571428572241e+01
2.193000000000000000e+03 6.657142857142858361e+01
2.194000000000000000e+03 6.671428571428572241e+01
2.195000000000000000e+03 6.671428571428572241e+01
2.196000000000000000e+03 6.671428571428572241e+01
2.197000000000000000e+03 6.671428571428572241e+01
2.198000000000000000e+03 6.671428571428572241e+01
2.199000000000000000e+03 6.679725991845302246e+01
2.200000000000000000e+03 6.700000000000000000e+01
2.201000000000000000e+03 6.728571428571429180e+01
2.202000000000000000e+03 6.771428571428572241e+01
2.203000000000000000e+03 6.800000000000000000e+01
2.204000000000000000e+03 6.828571428571429180e+01
2.205000000000000000e+03 6.842857142857143060e+01
2.206000000000000000e+03 6.871428571428572241e+01
2.207000000000000000e+03 6.900000000000000000e+01
2.208000000000000000e+03 6.928571428571429180e+01
2.209000000000000000e+03 6.957142857142858361e+01
2.210000000000000000e+03 7.000000000000000000e+01
2.211000000000000000e+03 7.052174037863409239e+01
2.212000000000000000e+03 7.088975702979107041e+01
2.213000000000000000e+03 7.128571428571429180e+01
2.214000000000000000e+03 7.171428571428572241e+01
2.215000000000000000e+03 7.214285714285715301e+01
2.216000000000000000e+03 7.246725612086821400e+01
2.217000000000000000e+03 7.300000000000000000e+01
2.218000000000000000e+03 7.342983945269592994e+01
2.219000000000000000e+03 7.400000000000000000e+01
2.220000000000000000e+03 7.471428571428570820e+01
2.221000000000000000e+03 7.542792552131076889e+01
2.222000000000000000e+03 7.621537431457431921e+01
2.223000000000000000e+03 7.719793168373831804e+01
2.224000000000000000e+03 7.842857142857143060e+01
2.225000000000000000e+03 7.957142857142858361e+01
2.226000000000000000e+03 8.057142857142856940e+01
2.227000000000000000e+03 8.114285714285713880e+01
2.228000000000000000e+03 8.100000000000001421e+01
2.229000000000000000e+03 8.000000000000000000e+01
2.230000000000000000e+03 7.842857142857143060e+01
2.231000000000000000e+03 7.771428571428572241e+01
2.232000000000000000e+03 7.771428571428572241e+01
2.233000000000000000e+03 7.771881697641248365e+01
2.234000000000000000e+03 7.771428571428572241e+01
2.235000000000000000e+03 7.771428571428572241e+01
2.236000000000000000e+03 7.771428571428572241e+01
2.237000000000000000e+03 7.728571428571429180e+01
2.238000000000000000e+03 7.757142857142856940e+01
2.239000000000000000e+03 7.685714285714286120e+01
2.240000000000000000e+03 7.600000000000001421e+01
2.241000000000000000e+03 7.457142857142858361e+01
2.242000000000000000e+03 7.304288214410748026e+01
2.243000000000000000e+03 7.285714285714286120e+01
2.244000000000000000e+03 7.309996308157138856e+01
2.245000000000000000e+03 7.328571428571429180e+01
2.246000000000000000e+03 7.314285714285715301e+01
2.247000000000000000e+03 7.300000000000000000e+01
2.248000000000000000e+03 7.271428571428572241e+01
2.249000000000000000e+03 7.257142857142856940e+01
2.250000000000000000e+03 7.271428571428572241e+01
2.251000000000000000e+03 7.271428571428572241e+01
2.252000000000000000e+03 7.300000000000000000e+01
2.253000000000000000e+03 7.328571428571429180e+01
2.254000000000000000e+03 7.357142857142856940e+01
2.255000000000000000e+03 7.385714285714286120e+01
2.256000000000000000e+03 7.385714285714286120e+01
2.257000000000000000e+03 7.355905393324161423e+01
2.258000000000000000e+03 7.326078634305031301e+01
2.259000000000000000e+03 7.338547125238684998e+01
2.260000000000000000e+03 7.357142857142856940e+01
2.261000000000000000e+03 7.242857142857143060e+01
2.262000000000000000e+03 7.085714285714286120e+01
2.263000000000000000e+03 7.028571428571429180e+01
2.264000000000000000e+03 7.042857142857143060e+01
2.265000000000000000e+03 7.071428571428572241e+01
2.266000000000000000e+03 7.114285714285713880e+01
2.267000000000000000e+03 7.128571428571429180e+01
2.268000000000000000e+03 7.128571428571429180e+01
2.269000000000000000e+03 7.128571428571429180e+01
2.270000000000000000e+03 7.114285714285713880e+01
2.271000000000000000e+03 7.128571428571429180e+01
2.272000000000000000e+03 7.142857142857143060e+01
2.273000000000000000e+03 7.142857142857143060e+01
2.274000000000000000e+03 7.128571428571429180e+01
2.275000000000000000e+03 7.114285714285713880e+01
2.276000000000000000e+03 7.114285714285713880e+01
2.277000000000000000e+03 7.128571428571429180e+01
2.278000000000000000e+03 7.151306064280832686e+01
2.279000000000000000e+03 7.171428571428572241e+01
2.280000000000000000e+03 7.185714285714286120e+01
2.281000000000000000e+03 7.185714285714286120e+01
2.282000000000000000e+03 7.185714285714286120e+01
2.283000000000000000e+03 7.200000000000000000e+01
2.284000000000000000e+03 7.200000000000000000e+01
2.285000000000000000e+03 7.200000000000000000e+01
2.286000000000000000e+03 7.200000000000000000e+01
2.287000000000000000e+03 7.200000000000000000e+01
2.288000000000000000e+03 7.200000000000000000e+01
2.289000000000000000e+03 7.185714285714286120e+01
2.290000000000000000e+03 7.171428571428572241e+01
2.291000000000000000e+03 7.157142857142858361e+01
2.292000000000000000e+03 7.142857142857143060e+01
2.293000000000000000e+03 7.114285714285713880e+01
2.294000000000000000e+03 7.028571428571429180e+01
2.295000000000000000e+03 7.000000000000000000e+01
2.296000000000000000e+03 7.028571428571429180e+01
2.297000000000000000e+03 7.071428571428572241e+01
2.298000000000000000e+03 7.057142857142856940e+01
2.299000000000000000e+03 7.042857142857143060e+01
2.300000000000000000e+03 7.057142857142856940e+01
2.301000000000000000e+03 7.071428571428572241e+01
2.302000000000000000e+03 7.071428571428572241e+01
2.303000000000000000e+03 7.085714285714286120e+01
2.304000000000000000e+03 7.128571428571429180e+01
2.305000000000000000e+03 7.142857142857143060e+01
2.306000000000000000e+03 7.157142857142858361e+01
2.307000000000000000e+03 7.142857142857143060e+01
2.308000000000000000e+03 7.142857142857143060e+01
2.309000000000000000e+03 7.157142857142858361e+01
2.310000000000000000e+03 7.185714285714286120e+01
2.311000000000000000e+03 7.185714285714286120e+01
2.312000000000000000e+03 7.185714285714286120e+01
2.313000000000000000e+03 7.157142857142858361e+01
2.314000000000000000e+03 7.157142857142858361e+01
2.315000000000000000e+03 7.171428571428572241e+01
2.316000000000000000e+03 7.185714285714286120e+01
2.317000000000000000e+03 7.188434106275401803e+01
2.318000000000000000e+03 7.200000000000000000e+01
2.319000000000000000e+03 7.200000000000000000e+01
2.320000000000000000e+03 7.200000000000000000e+01
2.321000000000000000e+03 7.200000000000000000e+01
2.322000000000000000e+03 7.228571428571429180e+01
2.323000000000000000e+03 7.242857142857143060e+01
2.324000000000000000e+03 7.271428571428572241e+01
2.325000000000000000e+03 7.285714285714286120e+01
2.326000000000000000e+03 7.300000000000000000e+01
2.327000000000000000e+03 7.314285714285715301e+01
2.328000000000000000e+03 7.342857142857143060e+01
2.329000000000000000e+03 7.371428571428572241e+01
2.330000000000000000e+03 7.400000000000000000e+01
2.331000000000000000e+03 7.401990400530854686e+01
2.332000000000000000e+03 7.423377496417921861e+01
2.333000000000000000e+03 7.442857142857143060e+01
2.334000000000000000e+03 7.471428571428570820e+01
2.335000000000000000e+03 7.528571428571429180e+01
2.336000000000000000e+03 7.593265676853144441e+01
2.337000000000000000e+03 7.657142857142858361e+01
2.338000000000000000e+03 7.714285714285715301e+01
2.339000000000000000e+03 7.771428571428572241e+01
2.340000000000000000e+03 7.814285714285715301e+01
2.341000000000000000e+03 7.857142857142856940e+01
2.342000000000000000e+03 7.957142857142858361e+01
2.343000000000000000e+03 8.114285714285713880e+01
2.344000000000000000e+03 8.285714285714286120e+01
2.345000000000000000e+03 8.371428571428572241e+01
2.346000000000000000e+03 8.352698732304637019e+01
2.347000000000000000e+03 8.214285714285715301e+01
2.348000000000000000e+03 8.071428571428572241e+01
2.349000000000000000e+03 8.009414075981501924e+01
2.350000000000000000e+03 8.000000000000000000e+01
2.351000000000000000e+03 8.062817463637277626e+01
2.352000000000000000e+03 8.157142857142858361e+01
2.353000000000000000e+03 8.114285714285713880e+01
2.354000000000000000e+03 7.871428571428572241e+01
2.355000000000000000e+03 7.642857142857143060e+01
2.356000000000000000e+03 7.571428571428572241e+01
2.357000000000000000e+03 7.600000000000001421e+01
2.358000000000000000e+03 7.700000000000000000e+01
2.359000000000000000e+03 7.857142857142856940e+01
2.360000000000000000e+03 7.982258064516160800e+01
2.361000000000000000e+03 8.071428571428572241e+01
2.362000000000000000e+03 8.136266863489562695e+01
2.363000000000000000e+03 8.200000000000000000e+01
2.364000000000000000e+03 8.255420732104064996e+01
2.365000000000000000e+03 8.285714285714286120e+01
2.366000000000000000e+03 8.314285714285715301e+01
2.367000000000000000e+03 8.257142857142856940e+01
2.368000000000000000e+03 8.028571428571429180e+01
2.369000000000000000e+03 7.814285714285715301e+01
2.370000000000000000e+03 7.742857142857143060e+01
2.371000000000000000e+03 7.671428571428572241e+01
2.372000000000000000e+03 7.557142857142856940e+01
2.373000000000000000e+03 7.471428571428570820e+01
2.374000000000000000e+03 7.457142857142858361e+01
2.375000000000000000e+03 7.500000000000000000e+01
2.376000000000000000e+03 7.557142857142856940e+01
2.377000000000000000e+03 7.585714285714286120e+01
2.378000000000000000e+03 7.557142857142856940e+01
2.379000000000000000e+03 7.528571428571429180e+01
2.380000000000000000e+03 7.485714285714286120e+01
2.381000000000000000e+03 7.442857142857143060e+01
2.382000000000000000e+03 7.414285714285713880e+01
2.383000000000000000e+03 7.400000000000000000e+01
2.384000000000000000e+03 7.400000000000000000e+01
2.385000000000000000e+03 7.428571428571429180e+01
2.386000000000000000e+03 7.471428571428570820e+01
2.387000000000000000e+03 7.485714285714286120e+01
2.388000000000000000e+03 7.528571428571429180e+01
2.389000000000000000e+03 7.585714285714286120e+01
2.390000000000000000e+03 7.642857142857143060e+01
2.391000000000000000e+03 7.694750080619159860e+01
2.392000000000000000e+03 7.757142857142856940e+01
2.393000000000000000e+03 7.827033636903706793e+01
2.394000000000000000e+03 7.897575590364579057e+01
2.395000000000000000e+03 7.971428571428570820e+01
2.396000000000000000e+03 8.034242009912844651e+01
2.397000000000000000e+03 8.085714285714286120e+01
2.398000000000000000e+03 8.142857142857143060e+01
2.399000000000000000e+03 8.142857142857143060e+01
2.400000000000000000e+03 8.142689709194033298e+01
2.401000000000000000e+03 8.128571428571429180e+01
2.402000000000000000e+03 7.842857142857143060e+01
2.403000000000000000e+03 7.734387378929621093e+01
2.404000000000000000e+03 7.828571428571429180e+01
2.405000000000000000e+03 7.942857142857143060e+01
2.406000000000000000e+03 7.985714285714286120e+01
2.407000000000000000e+03 8.028571428571429180e+01
2.408000000000000000e+03 8.157142857142858361e+01
2.409000000000000000e+03 8.285714285714286120e+01
2.410000000000000000e+03 8.371428571428572241e+01
2.411000000000000000e+03 8.414285714285715301e+01
2.412000000000000000e+03 8.414285714285715301e+01
2.413000000000000000e+03 8.371428571428572241e+01
2.414000000000000000e+03 8.300000000000001421e+01
2.415000000000000000e+03 8.228571428571429180e+01
2.416000000000000000e+03 8.200000000000000000e+01
2.417000000000000000e+03 8.320816028383482887e+01
2.418000000000000000e+03 8.471428571428572241e+01
2.419000000000000000e+03 8.600000000000001421e+01
2.420000000000000000e+03 8.712998911060843454e+01
2.421000000000000000e+03 8.828571428571429180e+01
2.422000000000000000e+03 8.900000000000000000e+01
2.423000000000000000e+03 8.757142857142856940e+01
2.424000000000000000e+03 8.485714285714286120e+01
2.425000000000000000e+03 8.313292163877338226e+01
2.426000000000000000e+03 8.271428571428572241e+01
2.427000000000000000e+03 8.242857142857144481e+01
2.428000000000000000e+03 8.171428571428572241e+01
2.429000000000000000e+03 8.142857142857143060e+01
2.430000000000000000e+03 8.114285714285713880e+01
2.431000000000000000e+03 8.085714285714286120e+01
2.432000000000000000e+03 8.085714285714286120e+01
2.433000000000000000e+03 8.100000000000001421e+01
2.434000000000000000e+03 8.114285714285713880e+01
2.435000000000000000e+03 8.142857142857143060e+01
2.436000000000000000e+03 8.185714285714286120e+01
2.437000000000000000e+03 8.228571428571429180e+01
2.438000000000000000e+03 8.271428571428572241e+01
2.439000000000000000e+03 8.285714285714286120e+01
2.440000000000000000e+03 8.300000000000001421e+01
2.441000000000000000e+03 8.314285714285715301e+01
2.442000000000000000e+03 8.314285714285715301e+01
2.443000000000000000e+03 8.342857142857143060e+01
2.444000000000000000e+03 8.371428571428572241e+01
2.445000000000000000e+03 8.385714285714286120e+01
2.446000000000000000e+03 8.385714285714286120e+01
2.447000000000000000e+03 8.371428571428572241e+01
2.448000000000000000e+03 8.414285714285715301e+01
2.449000000000000000e+03 8.357142857142858361e+01
2.450000000000000000e+03 8.342857142857143060e+01
2.451000000000000000e+03 8.314285714285715301e+01
2.452000000000000000e+03 8.314285714285715301e+01
2.453000000000000000e+03 8.314285714285715301e+01
2.454000000000000000e+03 8.300000000000001421e+01
2.455000000000000000e+03 8.300000000000001421e+01
2.456000000000000000e+03 8.300000000000001421e+01
2.457000000000000000e+03 8.330596236751328831e+01
2.458000000000000000e+03 8.399396124380189121e+01
2.459000000000000000e+03 8.348419668996740484e+01
2.460000000000000000e+03 8.314285714285715301e+01
2.461000000000000000e+03 8.371428571428572241e+01
2.462000000000000000e+03 8.457142857142858361e+01
2.463000000000000000e+03 8.557142857142856940e+01
2.464000000000000000e+03 8.651280590284831362e+01
2.465000000000000000e+03 8.764231130668687797e+01
2.466000000000000000e+03 8.928571428571429180e+01
2.467000000000000000e+03 9.155101085005040318e+01
2.468000000000000000e+03 9.342857142857144481e+01
2.469000000000000000e+03 9.300000000000000000e+01
2.470000000000000000e+03 8.957142857142858361e+01
2.471000000000000000e+03 8.714285714285715301e+01
2.472000000000000000e+03 8.642857142857143060e+01
2.473000000000000000e+03 8.585714285714286120e+01
2.474000000000000000e+03 8.571428571428572241e+01
2.475000000000000000e+03 8.627720620200025792e+01
2.476000000000000000e+03 8.642857142857143060e+01
2.477000000000000000e+03 8.657142857142858361e+01
2.478000000000000000e+03 8.614285714285713880e+01
2.479000000000000000e+03 8.542857142857143060e+01
2.480000000000000000e+03 8.442857142857143060e+01
2.481000000000000000e+03 8.428571428571429180e+01
2.482000000000000000e+03 8.400000000000000000e+01
2.483000000000000000e+03 8.414285714285715301e+01
2.484000000000000000e+03 8.442857142857143060e+01
2.485000000000000000e+03 8.471428571428572241e+01
2.486000000000000000e+03 8.442857142857143060e+01
2.487000000000000000e+03 8.485714285714286120e+01
2.488000000000000000e+03 8.525445037828234263e+01
2.489000000000000000e+03 8.557142857142856940e+01
2.490000000000000000e+03 8.542857142857143060e+01
2.491000000000000000e+03 8.542857142857143060e+01
2.492000000000000000e+03 8.585714285714286120e+01
2.493000000000000000e+03 8.642857142857143060e+01
2.494000000000000000e+03 8.657142857142858361e+01
2.495000000000000000e+03 8.542857142857143060e+01
2.496000000000000000e+03 8.428571428571429180e+01
2.497000000000000000e+03 8.414285714285715301e+01
2.498000000000000000e+03 8.371428571428572241e+01
2.499000000000000000e+03 8.328571428571429180e+01
2.500000000000000000e+03 8.271428571428572241e+01
2.501000000000000000e+03 8.171428571428572241e+01
2.502000000000000000e+03 8.142857142857143060e+01
2.503000000000000000e+03 8.128571428571429180e+01
2.504000000000000000e+03 8.114285714285713880e+01
2.505000000000000000e+03 8.128571428571429180e+01
2.506000000000000000e+03 8.170448129312291030e+01
2.507000000000000000e+03 8.214285714285715301e+01
2.508000000000000000e+03 8.328571428571429180e+01
2.509000000000000000e+03 8.557142857142856940e+01
2.510000000000000000e+03 8.342857142857143060e+01
2.511000000000000000e+03 7.600000000000001421e+01
2.512000000000000000e+03 7.622293858160584534e+01
2.513000000000000000e+03 7.637536609176660818e+01
2.514000000000000000e+03 7.671428571428572241e+01
2.515000000000000000e+03 7.628571428571429180e+01
2.516000000000000000e+03 7.628571428571429180e+01
2.517000000000000000e+03 7.709131473883574870e+01
2.518000000000000000e+03 7.728571428571429180e+01
2.519000000000000000e+03 7.728571428571429180e+01
2.520000000000000000e+03 7.793116113448954252e+01
2.521000000000000000e+03 7.800000000000000000e+01
2.522000000000000000e+03 7.800000000000000000e+01
2.523000000000000000e+03 7.814285714285715301e+01
2.524000000000000000e+03 7.842857142857143060e+01
2.525000000000000000e+03 7.900000000000000000e+01
2.526000000000000000e+03 7.964671557457778306e+01
2.527000000000000000e+03 8.028571428571429180e+01
2.528000000000000000e+03 8.100000000000001421e+01
2.529000000000000000e+03 8.157142857142858361e+01
2.530000000000000000e+03 8.228571428571429180e+01
2.531000000000000000e+03 8.300000000000001421e+01
2.532000000000000000e+03 8.382794338602109008e+01
2.533000000000000000e+03 8.459537638822088468e+01
2.534000000000000000e+03 8.547992262970055322e+01
2.535000000000000000e+03 8.650427275732423027e+01
2.536000000000000000e+03 8.775844960364588587e+01
2.537000000000000000e+03 8.914285714285715301e+01
2.538000000000000000e+03 9.014285714285715301e+01
2.539000000000000000e+03 8.928571428571429180e+01
2.540000000000000000e+03 8.571428571428572241e+01
2.541000000000000000e+03 8.171428571428572241e+01
2.542000000000000000e+03 8.057142857142856940e+01
2.543000000000000000e+03 8.028571428571429180e+01
2.544000000000000000e+03 7.985742743312394509e+01
2.545000000000000000e+03 7.885838642115793107e+01
2.546000000000000000e+03 7.785714285714286120e+01
2.547000000000000000e+03 7.671428571428572241e+01
2.548000000000000000e+03 7.871428571428572241e+01
2.549000000000000000e+03 7.845792178591339905e+01
2.550000000000000000e+03 7.771428571428572241e+01
2.551000000000000000e+03 7.771428571428572241e+01
2.552000000000000000e+03 7.785714285714286120e+01
2.553000000000000000e+03 7.785714285714286120e+01
2.554000000000000000e+03 7.771428571428572241e+01
2.555000000000000000e+03 7.757142857142856940e+01
2.556000000000000000e+03 7.742857142857143060e+01
2.557000000000000000e+03 7.742857142857143060e+01
2.558000000000000000e+03 7.742857142857143060e+01
2.559000000000000000e+03 7.728571428571429180e+01
2.560000000000000000e+03 7.714285714285715301e+01
2.561000000000000000e+03 7.685714285714286120e+01
2.562000000000000000e+03 7.685714285714286120e+01
2.563000000000000000e+03 7.700000000000000000e+01
2.564000000000000000e+03 7.700000000000000000e+01
2.565000000000000000e+03 7.642857142857143060e+01
2.566000000000000000e+03 7.614803717086178381e+01
2.567000000000000000e+03 7.614285714285713880e+01
2.568000000000000000e+03 7.614285714285713880e+01
2.569000000000000000e+03 7.640477326039712125e+01
2.570000000000000000e+03 7.671428571428572241e+01
2.571000000000000000e+03 7.728571428571429180e+01
2.572000000000000000e+03 7.785714285714286120e+01
2.573000000000000000e+03 7.870247597328548750e+01
2.574000000000000000e+03 7.956659341574247435e+01
2.575000000000000000e+03 8.042817288642739015e+01
2.576000000000000000e+03 8.142857142857143060e+01
2.577000000000000000e+03 8.228571428571429180e+01
2.578000000000000000e+03 8.314285714285715301e+01
2.579000000000000000e+03 8.385714285714286120e+01
2.580000000000000000e+03 8.414285714285715301e+01
2.581000000000000000e+03 8.246173889654674838e+01
2.582000000000000000e+03 7.885714285714286120e+01
2.583000000000000000e+03 7.785714285714286120e+01
2.584000000000000000e+03 7.728571428571429180e+01
2.585000000000000000e+03 7.678873702194758266e+01
2.586000000000000000e+03 7.557142857142856940e+01
2.587000000000000000e+03 7.357142857142856940e+01
2.588000000000000000e+03 7.371428571428572241e+01
2.589000000000000000e+03 7.485714285714286120e+01
2.590000000000000000e+03 7.642857142857143060e+01
2.591000000000000000e+03 7.683534025837178660e+01
2.592000000000000000e+03 7.585714285714286120e+01
2.593000000000000000e+03 7.442857142857143060e+01
2.594000000000000000e+03 7.285714285714286120e+01
2.595000000000000000e+03 7.200000000000000000e+01
2.596000000000000000e+03 7.142857142857143060e+01
2.597000000000000000e+03 7.085714285714286120e+01
2.598000000000000000e+03 6.957142857142858361e+01
2.599000000000000000e+03 6.900000000000000000e+01
2.600000000000000000e+03 6.928571428571429180e+01
2.601000000000000000e+03 6.957142857142858361e+01
2.602000000000000000e+03 6.971428571428570820e+01
2.603000000000000000e+03 6.985714285714286120e+01
2.604000000000000000e+03 7.014285714285715301e+01
2.605000000000000000e+03 7.028775271051461004e+01
2.606000000000000000e+03 7.057142857142856940e+01
2.607000000000000000e+03 7.014285714285715301e+01
2.608000000000000000e+03 6.942857142857143060e+01
2.609000000000000000e+03 6.942857142857143060e+01
2.610000000000000000e+03 6.985714285714286120e+01
2.611000000000000000e+03 6.985714285714286120e+01
2.612000000000000000e+03 7.000000000000000000e+01
2.613000000000000000e+03 7.014285714285715301e+01
2.614000000000000000e+03 7.071428571428572241e+01
2.615000000000000000e+03 7.085714285714286120e+01
2.616000000000000000e+03 7.114285714285713880e+01
2.617000000000000000e+03 7.171428571428572241e+01
2.618000000000000000e+03 7.200000000000000000e+01
2.619000000000000000e+03 7.185714285714286120e+01
2.620000000000000000e+03 7.185714285714286120e+01
2.621000000000000000e+03 7.214285714285715301e+01
2.622000000000000000e+03 7.271428571428572241e+01
2.623000000000000000e+03 7.242857142857143060e+01
2.624000000000000000e+03 7.242857142857143060e+01
2.625000000000000000e+03 7.271428571428572241e+01
2.626000000000000000e+03 7.328571428571429180e+01
2.627000000000000000e+03 7.328571428571429180e+01
2.628000000000000000e+03 7.339349274053044780e+01
2.629000000000000000e+03 7.357142857142856940e+01
2.630000000000000000e+03 7.364074357015545047e+01
2.631000000000000000e+03 7.400000000000000000e+01
2.632000000000000000e+03 7.400000000000000000e+01
2.633000000000000000e+03 7.414285714285713880e+01
2.634000000000000000e+03 7.414285714285713880e+01
2.635000000000000000e+03 7.414285714285713880e+01
2.636000000000000000e+03 7.442857142857143060e+01
2.637000000000000000e+03 7.500000000000000000e+01
2.638000000000000000e+03 7.542857142857143060e+01
2.639000000000000000e+03 7.600000000000001421e+01
2.640000000000000000e+03 7.593683511881322090e+01
2.641000000000000000e+03 7.557142857142856940e+01
2.642000000000000000e+03 7.542857142857143060e+01
2.643000000000000000e+03 7.542857142857143060e+01
2.644000000000000000e+03 7.585714285714286120e+01
2.645000000000000000e+03 7.585714285714286120e+01
2.646000000000000000e+03 7.528571428571429180e+01
2.647000000000000000e+03 7.471428571428570820e+01
2.648000000000000000e+03 7.471428571428570820e+01
2.649000000000000000e+03 7.485714285714286120e+01
2.650000000000000000e+03 7.485714285714286120e+01
2.651000000000000000e+03 7.485714285714286120e+01
2.652000000000000000e+03 7.471428571428570820e+01
2.653000000000000000e+03 7.457142857142858361e+01
2.654000000000000000e+03 7.364355675612692664e+01
2.655000000000000000e+03 7.285714285714286120e+01
2.656000000000000000e+03 7.285714285714286120e+01
2.657000000000000000e+03 7.362802669577241943e+01
2.658000000000000000e+03 7.455932087355512294e+01
2.659000000000000000e+03 7.471428571428570820e+01
2.660000000000000000e+03 7.428571428571429180e+01
2.661000000000000000e+03 7.371428571428572241e+01
2.662000000000000000e+03 7.300000000000000000e+01
2.663000000000000000e+03 7.285714285714286120e+01
2.664000000000000000e+03 7.314285714285715301e+01
2.665000000000000000e+03 7.400000000000000000e+01
2.666000000000000000e+03 7.492925693283022781e+01
2.667000000000000000e+03 7.542857142857143060e+01
2.668000000000000000e+03 7.514285714285715301e+01
2.669000000000000000e+03 7.442857142857143060e+01
2.670000000000000000e+03 7.428571428571429180e+01
2.671000000000000000e+03 7.471428571428570820e+01
2.672000000000000000e+03 7.557142857142856940e+01
2.673000000000000000e+03 7.614285714285713880e+01
2.674000000000000000e+03 7.628571428571429180e+01
2.675000000000000000e+03 7.583853719652360326e+01
2.676000000000000000e+03 7.528571428571429180e+01
2.677000000000000000e+03 7.517905359652957031e+01
2.678000000000000000e+03 7.600000000000001421e+01
2.679000000000000000e+03 7.738338938441491166e+01
2.680000000000000000e+03 7.926889081975066631e+01
2.681000000000000000e+03 8.173363179645056675e+01
2.682000000000000000e+03 8.442857142857143060e+01
2.683000000000000000e+03 8.657142857142858361e+01
2.684000000000000000e+03 8.771428571428572241e+01
2.685000000000000000e+03 8.757142857142856940e+01
2.686000000000000000e+03 8.628571428571429180e+01
2.687000000000000000e+03 8.571428571428572241e+01
2.688000000000000000e+03 8.671428571428572241e+01
2.689000000000000000e+03 8.760812538472352173e+01
2.690000000000000000e+03 8.757142857142856940e+01
2.691000000000000000e+03 8.685714285714286120e+01
2.692000000000000000e+03 8.642857142857143060e+01
2.693000000000000000e+03 8.628571428571429180e+01
2.694000000000000000e+03 8.642857142857143060e+01
2.695000000000000000e+03 8.628571428571429180e+01
2.696000000000000000e+03 8.528571428571429180e+01
2.697000000000000000e+03 8.428571428571429180e+01
2.698000000000000000e+03 8.342857142857143060e+01
2.699000000000000000e+03 8.300000000000001421e+01
2.700000000000000000e+03 8.271428571428572241e+01
2.701000000000000000e+03 8.327173137286067117e+01
2.702000000000000000e+03 8.371428571428572241e+01
2.703000000000000000e+03 8.342857142857143060e+01
2.704000000000000000e+03 8.271428571428572241e+01
2.705000000000000000e+03 8.228571428571429180e+01
2.706000000000000000e+03 8.229920391265396518e+01
2.707000000000000000e+03 8.202578369795843116e+01
2.708000000000000000e+03 8.114285714285713880e+01
2.709000000000000000e+03 8.057142857142856940e+01
2.710000000000000000e+03 8.042857142857143060e+01
2.711000000000000000e+03 8.000000000000000000e+01
2.712000000000000000e+03 7.842857142857143060e+01
2.713000000000000000e+03 7.685714285714286120e+01
2.714000000000000000e+03 7.542857142857143060e+01
2.715000000000000000e+03 7.414285714285713880e+01
2.716000000000000000e+03 7.428571428571429180e+01
2.717000000000000000e+03 7.314285714285715301e+01
2.718000000000000000e+03 7.114285714285713880e+01
2.719000000000000000e+03 7.114285714285713880e+01
2.720000000000000000e+03 7.142857142857143060e+01
2.721000000000000000e+03 7.142857142857143060e+01
2.722000000000000000e+03 7.157142857142858361e+01
2.723000000000000000e+03 7.200000000000000000e+01
2.724000000000000000e+03 7.206127725642122073e+01
2.725000000000000000e+03 7.242857142857143060e+01
2.726000000000000000e+03 7.285714285714286120e+01
2.727000000000000000e+03 7.271428571428572241e+01
2.728000000000000000e+03 7.185714285714286120e+01
2.729000000000000000e+03 7.128571428571429180e+01
2.730000000000000000e+03 7.171428571428572241e+01
2.731000000000000000e+03 7.214285714285715301e+01
2.732000000000000000e+03 7.214285714285715301e+01
2.733000000000000000e+03 7.200000000000000000e+01
2.734000000000000000e+03 7.228571428571429180e+01
2.735000000000000000e+03 7.271428571428572241e+01
2.736000000000000000e+03 7.300000000000000000e+01
2.737000000000000000e+03 7.371428571428572241e+01
2.738000000000000000e+03 7.433228455222223374e+01
2.739000000000000000e+03 7.471428571428570820e+01
2.740000000000000000e+03 7.493424070627999356e+01
2.741000000000000000e+03 7.500000000000000000e+01
2.742000000000000000e+03 7.535222693615955336e+01
2.743000000000000000e+03 7.600000000000001421e+01
2.744000000000000000e+03 7.633842692740245184e+01
2.745000000000000000e+03 7.545574915699003782e+01
2.746000000000000000e+03 7.400000000000000000e+01
2.747000000000000000e+03 7.371428571428572241e+01
2.748000000000000000e+03 7.371428571428572241e+01
2.749000000000000000e+03 7.400000000000000000e+01
2.750000000000000000e+03 7.428571428571429180e+01
2.751000000000000000e+03 7.414285714285713880e+01
2.752000000000000000e+03 7.428571428571429180e+01
2.753000000000000000e+03 7.428571428571429180e+01
2.754000000000000000e+03 7.457142857142858361e+01
2.755000000000000000e+03 7.500000000000000000e+01
2.756000000000000000e+03 7.528571428571429180e+01
2.757000000000000000e+03 7.571428571428572241e+01
2.758000000000000000e+03 7.557142857142856940e+01
2.759000000000000000e+03 7.528571428571429180e+01
2.760000000000000000e+03 7.471428571428570820e+01
2.761000000000000000e+03 7.457142857142858361e+01
2.762000000000000000e+03 7.509858288082745048e+01
2.763000000000000000e+03 7.557142857142856940e+01
2.764000000000000000e+03 7.514285714285715301e+01
2.765000000000000000e+03 7.500000000000000000e+01
2.766000000000000000e+03 7.485714285714286120e+01
2.767000000000000000e+03 7.457142857142858361e+01
2.768000000000000000e+03 7.500000000000000000e+01
2.769000000000000000e+03 7.514285714285715301e+01
2.770000000000000000e+03 7.528571428571429180e+01
2.771000000000000000e+03 7.514285714285715301e+01
2.772000000000000000e+03 7.485714285714286120e+01
2.773000000000000000e+03 7.385714285714286120e+01
2.774000000000000000e+03 7.357142857142856940e+01
2.775000000000000000e+03 7.314285714285715301e+01
2.776000000000000000e+03 7.328571428571429180e+01
2.777000000000000000e+03 7.285714285714286120e+01
2.778000000000000000e+03 7.285714285714286120e+01
2.779000000000000000e+03 7.257142857142856940e+01
2.780000000000000000e+03 7.185714285714286120e+01
2.781000000000000000e+03 7.157142857142858361e+01
2.782000000000000000e+03 7.185714285714286120e+01
2.783000000000000000e+03 7.200000000000000000e+01
2.784000000000000000e+03 7.214285714285715301e+01
2.785000000000000000e+03 7.242857142857143060e+01
2.786000000000000000e+03 7.171428571428572241e+01
2.787000000000000000e+03 7.142857142857143060e+01
2.788000000000000000e+03 7.071428571428572241e+01
2.789000000000000000e+03 7.028571428571429180e+01
2.790000000000000000e+03 7.014285714285715301e+01
2.791000000000000000e+03 7.000000000000000000e+01
2.792000000000000000e+03 6.985714285714286120e+01
2.793000000000000000e+03 7.000000000000000000e+01
2.794000000000000000e+03 6.957142857142858361e+01
2.795000000000000000e+03 6.942857142857143060e+01
2.796000000000000000e+03 6.885714285714286120e+01
2.797000000000000000e+03 6.857142857142856940e+01
2.798000000000000000e+03 6.871428571428572241e+01
2.799000000000000000e+03 6.871428571428572241e+01
2.800000000000000000e+03 6.857142857142856940e+01
2.801000000000000000e+03 6.814285714285715301e+01
2.802000000000000000e+03 6.828571428571429180e+01
2.803000000000000000e+03 6.800000000000000000e+01
2.804000000000000000e+03 6.828571428571429180e+01
2.805000000000000000e+03 6.885714285714286120e+01
2.806000000000000000e+03 6.957142857142858361e+01
2.807000000000000000e+03 6.928571428571429180e+01
2.808000000000000000e+03 6.842857142857143060e+01
2.809000000000000000e+03 6.814285714285715301e+01
2.810000000000000000e+03 6.842857142857143060e+01
2.811000000000000000e+03 6.771428571428572241e+01
2.812000000000000000e+03 6.728571428571429180e+01
2.813000000000000000e+03 6.728571428571429180e+01
2.814000000000000000e+03 6.729005260473886096e+01
2.815000000000000000e+03 6.757142857142856940e+01
2.816000000000000000e+03 6.828571428571429180e+01
2.817000000000000000e+03 6.842857142857143060e+01
2.818000000000000000e+03 6.800000000000000000e+01
2.819000000000000000e+03 6.814285714285715301e+01
2.820000000000000000e+03 6.800000000000000000e+01
2.821000000000000000e+03 6.800000000000000000e+01
2.822000000000000000e+03 6.785714285714286120e+01
2.823000000000000000e+03 6.800000000000000000e+01
2.824000000000000000e+03 6.757142857142856940e+01
2.825000000000000000e+03 6.700000000000000000e+01
2.826000000000000000e+03 6.685714285714286120e+01
2.827000000000000000e+03 6.700000000000000000e+01
2.828000000000000000e+03 6.723681678147346474e+01
2.829000000000000000e+03 6.771428571428572241e+01
2.830000000000000000e+03 6.869880643281128130e+01
2.831000000000000000e+03 6.914285714285713880e+01
2.832000000000000000e+03 6.900000000000000000e+01
2.833000000000000000e+03 6.842857142857143060e+01
2.834000000000000000e+03 6.828571428571429180e+01
2.835000000000000000e+03 6.790174935397175204e+01
2.836000000000000000e+03 6.814285714285715301e+01
2.837000000000000000e+03 6.800000000000000000e+01
2.838000000000000000e+03 6.771428571428572241e+01
2.839000000000000000e+03 6.800000000000000000e+01
2.840000000000000000e+03 6.800000000000000000e+01
2.841000000000000000e+03 6.828571428571429180e+01
2.842000000000000000e+03 6.885714285714286120e+01
2.843000000000000000e+03 6.942857142857143060e+01
2.844000000000000000e+03 6.985714285714286120e+01
2.845000000000000000e+03 7.000000000000000000e+01
2.846000000000000000e+03 7.014285714285715301e+01
2.847000000000000000e+03 7.028571428571429180e+01
2.848000000000000000e+03 7.028571428571429180e+01
2.849000000000000000e+03 7.042857142857143060e+01
2.850000000000000000e+03 7.028571428571429180e+01
2.851000000000000000e+03 7.000000000000000000e+01
2.852000000000000000e+03 6.971428571428570820e+01
2.853000000000000000e+03 6.957142857142858361e+01
2.854000000000000000e+03 6.957142857142858361e+01
2.855000000000000000e+03 7.000000000000000000e+01
2.856000000000000000e+03 7.057142857142856940e+01
2.857000000000000000e+03 7.028571428571429180e+01
2.858000000000000000e+03 7.028571428571429180e+01
2.859000000000000000e+03 7.042857142857143060e+01
2.860000000000000000e+03 7.028571428571429180e+01
2.861000000000000000e+03 7.000000000000000000e+01
2.862000000000000000e+03 7.000000000000000000e+01
2.863000000000000000e+03 7.000000000000000000e+01
2.864000000000000000e+03 7.022623251963108260e+01
2.865000000000000000e+03 7.028571428571429180e+01
2.866000000000000000e+03 7.042857142857143060e+01
2.867000000000000000e+03 7.028571428571429180e+01
2.868000000000000000e+03 7.057142857142856940e+01
2.869000000000000000e+03 7.057142857142856940e+01
2.870000000000000000e+03 7.085714285714286120e+01
2.871000000000000000e+03 7.085714285714286120e+01
2.872000000000000000e+03 7.014285714285715301e+01
2.873000000000000000e+03 7.000000000000000000e+01
2.874000000000000000e+03 7.068061510072232068e+01
2.875000000000000000e+03 7.128571428571429180e+01
2.876000000000000000e+03 7.114285714285713880e+01
2.877000000000000000e+03 7.114285714285713880e+01
2.878000000000000000e+03 7.171428571428572241e+01
2.879000000000000000e+03 7.214285714285715301e+01
2.880000000000000000e+03 7.242857142857143060e+01
2.881000000000000000e+03 7.271428571428572241e+01
2.882000000000000000e+03 7.285714285714286120e+01
2.883000000000000000e+03 7.357142857142856940e+01
2.884000000000000000e+03 7.457142857142858361e+01
2.885000000000000000e+03 7.600000000000001421e+01
2.886000000000000000e+03 7.778020983969753388e+01
2.887000000000000000e+03 8.025786193672028901e+01
2.888000000000000000e+03 8.300000000000001421e+01
2.889000000000000000e+03 8.414285714285715301e+01
2.890000000000000000e+03 8.200000000000000000e+01
2.891000000000000000e+03 7.985714285714286120e+01
2.892000000000000000e+03 7.971428571428570820e+01
2.893000000000000000e+03 8.133460225651938913e+01
2.894000000000000000e+03 8.309762156790871757e+01
2.895000000000000000e+03 8.244904400384886856e+01
2.896000000000000000e+03 8.100000000000001421e+01
2.897000000000000000e+03 8.000000000000000000e+01
2.898000000000000000e+03 7.928571428571429180e+01
2.899000000000000000e+03 7.857142857142856940e+01
2.900000000000000000e+03 7.757142857142856940e+01
2.901000000000000000e+03 7.585714285714286120e+01
2.902000000000000000e+03 7.414285714285713880e+01
2.903000000000000000e+03 7.442857142857143060e+01
2.904000000000000000e+03 7.500000000000000000e+01
2.905000000000000000e+03 7.542857142857143060e+01
2.906000000000000000e+03 7.600000000000001421e+01
2.907000000000000000e+03 7.714285714285715301e+01
2.908000000000000000e+03 7.782209871689551051e+01
2.909000000000000000e+03 7.800000000000000000e+01
2.910000000000000000e+03 7.814285714285715301e+01
2.911000000000000000e+03 7.714285714285715301e+01
2.912000000000000000e+03 7.714285714285715301e+01
2.913000000000000000e+03 7.800000000000000000e+01
2.914000000000000000e+03 7.885120056047510673e+01
2.915000000000000000e+03 8.000000000000000000e+01
2.916000000000000000e+03 8.209908905340715535e+01
2.917000000000000000e+03 8.271428571428572241e+01
2.918000000000000000e+03 7.962241325159692451e+01
2.919000000000000000e+03 7.742857142857143060e+01
2.920000000000000000e+03 7.857142857142856940e+01
2.921000000000000000e+03 7.900000000000000000e+01
2.922000000000000000e+03 7.957142857142858361e+01
2.923000000000000000e+03 8.028571428571429180e+01
2.924000000000000000e+03 8.000000000000000000e+01
2.925000000000000000e+03 7.985714285714286120e+01
2.926000000000000000e+03 7.985714285714286120e+01
2.927000000000000000e+03 7.985714285714286120e+01
2.928000000000000000e+03 7.985714285714286120e+01
2.929000000000000000e+03 8.028571428571429180e+01
2.930000000000000000e+03 8.043509213774446209e+01
2.931000000000000000e+03 8.109032368117996725e+01
2.932000000000000000e+03 8.214285714285715301e+01
2.933000000000000000e+03 8.357142857142858361e+01
2.934000000000000000e+03 8.523846175220219834e+01
2.935000000000000000e+03 8.700000000000000000e+01
2.936000000000000000e+03 8.871428571428572241e+01
2.937000000000000000e+03 9.028571428571429180e+01
2.938000000000000000e+03 9.127985588875216649e+01
2.939000000000000000e+03 9.085714285714286120e+01
2.940000000000000000e+03 8.785714285714286120e+01
2.941000000000000000e+03 8.500000000000000000e+01
2.942000000000000000e+03 8.457142857142858361e+01
2.943000000000000000e+03 8.361436048685231981e+01
2.944000000000000000e+03 8.300000000000001421e+01
2.945000000000000000e+03 8.185714285714286120e+01
2.946000000000000000e+03 8.142857142857143060e+01
2.947000000000000000e+03 8.071428571428572241e+01
2.948000000000000000e+03 7.957142857142858361e+01
2.949000000000000000e+03 7.928571428571429180e+01
2.950000000000000000e+03 7.928571428571429180e+01
2.951000000000000000e+03 7.810144927536002513e+01
2.952000000000000000e+03 7.657142857142858361e+01
2.953000000000000000e+03 7.728571428571429180e+01
2.954000000000000000e+03 7.985714285714286120e+01
2.955000000000000000e+03 8.157142857142858361e+01
2.956000000000000000e+03 8.128571428571429180e+01
2.957000000000000000e+03 7.985714285714286120e+01
2.958000000000000000e+03 7.857142857142856940e+01
2.959000000000000000e+03 7.785714285714286120e+01
2.960000000000000000e+03 7.860129394077776510e+01
2.961000000000000000e+03 7.857142857142856940e+01
2.962000000000000000e+03 7.687699274238509872e+01
2.963000000000000000e+03 7.571428571428572241e+01
2.964000000000000000e+03 7.614285714285713880e+01
2.965000000000000000e+03 7.585714285714286120e+01
2.966000000000000000e+03 7.542857142857143060e+01
2.967000000000000000e+03 7.457142857142858361e+01
2.968000000000000000e+03 7.442857142857143060e+01
2.969000000000000000e+03 7.471428571428570820e+01
2.970000000000000000e+03 7.485714285714286120e+01
2.971000000000000000e+03 7.514285714285715301e+01
2.972000000000000000e+03 7.500000000000000000e+01
2.973000000000000000e+03 7.457142857142858361e+01
2.974000000000000000e+03 7.457142857142858361e+01
2.975000000000000000e+03 7.542857142857143060e+01
2.976000000000000000e+03 7.585714285714286120e+01
2.977000000000000000e+03 7.600000000000001421e+01
2.978000000000000000e+03 7.557142857142856940e+01
2.979000000000000000e+03 7.442857142857143060e+01
2.980000000000000000e+03 7.442857142857143060e+01
2.981000000000000000e+03 7.442857142857143060e+01
2.982000000000000000e+03 7.442857142857143060e+01
2.983000000000000000e+03 7.457142857142858361e+01
2.984000000000000000e+03 7.471428571428570820e+01
2.985000000000000000e+03 7.442857142857143060e+01
2.986000000000000000e+03 7.442857142857143060e+01
2.987000000000000000e+03 7.442857142857143060e+01
2.988000000000000000e+03 7.428571428571429180e+01
2.989000000000000000e+03 7.428571428571429180e+01
2.990000000000000000e+03 7.414285714285713880e+01
2.991000000000000000e+03 7.357142857142856940e+01
2.992000000000000000e+03 7.371428571428572241e+01
2.993000000000000000e+03 7.371428571428572241e+01
2.994000000000000000e+03 7.371428571428572241e+01
2.995000000000000000e+03 7.314285714285715301e+01
2.996000000000000000e+03 7.314285714285715301e+01
2.997000000000000000e+03 7.342857142857143060e+01
2.998000000000000000e+03 7.414285714285713880e+01
2.999000000000000000e+03 7.500000000000000000e+01
3.000000000000000000e+03 7.557142857142856940e+01
3.001000000000000000e+03 7.510338231078870308e+01
3.002000000000000000e+03 7.442857142857143060e+01
3.003000000000000000e+03 7.414285714285713880e+01
3.004000000000000000e+03 7.400000000000000000e+01
3.005000000000000000e+03 7.385714285714286120e+01
3.006000000000000000e+03 7.371428571428572241e+01
3.007000000000000000e+03 7.300000000000000000e+01
3.008000000000000000e+03 7.285714285714286120e+01
3.009000000000000000e+03 7.285714285714286120e+01
3.010000000000000000e+03 7.242857142857143060e+01
3.011000000000000000e+03 7.228571428571429180e+01
3.012000000000000000e+03 7.242857142857143060e+01
3.013000000000000000e+03 7.242857142857143060e+01
3.014000000000000000e+03 7.185714285714286120e+01
3.015000000000000000e+03 7.128571428571429180e+01
3.016000000000000000e+03 7.128571428571429180e+01
3.017000000000000000e+03 7.128571428571429180e+01
3.018000000000000000e+03 7.114285714285713880e+01
3.019000000000000000e+03 7.028571428571429180e+01
3.020000000000000000e+03 7.014285714285715301e+01
3.021000000000000000e+03 7.042857142857143060e+01
3.022000000000000000e+03 6.985714285714286120e+01
3.023000000000000000e+03 7.000000000000000000e+01
3.024000000000000000e+03 7.028571428571429180e+01
3.025000000000000000e+03 6.971428571428570820e+01
3.026000000000000000e+03 6.842857142857143060e+01
3.027000000000000000e+03 6.700000000000000000e+01
3.028000000000000000e+03 6.600000000000001421e+01
3.029000000000000000e+03 6.614285714285713880e+01
3.030000000000000000e+03 6.542857142857143060e+01
3.031000000000000000e+03 6.500000000000000000e+01
3.032000000000000000e+03 6.457142857142858361e+01
3.033000000000000000e+03 6.457142857142858361e+01
3.034000000000000000e+03 6.457142857142858361e+01
3.035000000000000000e+03 6.414285714285713880e+01
3.036000000000000000e+03 6.385714285714286831e+01
3.037000000000000000e+03 6.428571428571429180e+01
3.038000000000000000e+03 6.442857142857143060e+01
3.039000000000000000e+03 6.428571428571429180e+01
3.040000000000000000e+03 6.400000000000000000e+01
3.041000000000000000e+03 6.400000000000000000e+01
3.042000000000000000e+03 6.357142857142857650e+01
3.043000000000000000e+03 6.300000000000000711e+01
3.044000000000000000e+03 6.285714285714286120e+01
3.045000000000000000e+03 6.271428571428571530e+01
3.046000000000000000e+03 6.228571428571429180e+01
3.047000000000000000e+03 6.185714285714285410e+01
3.048000000000000000e+03 6.128571428571428470e+01
3.049000000000000000e+03 6.082647498368590533e+01
3.050000000000000000e+03 6.042857142857143060e+01
3.051000000000000000e+03 6.014285714285714590e+01
3.052000000000000000e+03 5.982574603894557441e+01
3.053000000000000000e+03 5.928571428571429180e+01
3.054000000000000000e+03 5.885714285714286831e+01
3.055000000000000000e+03 5.828571428571428470e+01
3.056000000000000000e+03 5.814285714285715301e+01
3.057000000000000000e+03 5.800000000000000711e+01
3.058000000000000000e+03 5.785714285714286120e+01
3.059000000000000000e+03 5.771428571428571530e+01
3.060000000000000000e+03 5.700000000000000000e+01
3.061000000000000000e+03 5.714285714285714590e+01
3.062000000000000000e+03 5.700000000000000000e+01
3.063000000000000000e+03 5.714285714285714590e+01
3.064000000000000000e+03 5.685714285714285410e+01
3.065000000000000000e+03 5.671428571428572241e+01
3.066000000000000000e+03 5.671428571428572241e+01
3.067000000000000000e+03 5.642857142857143060e+01
3.068000000000000000e+03 5.642857142857143060e+01
3.069000000000000000e+03 5.642857142857143060e+01
3.070000000000000000e+03 5.657142857142857650e+01
3.071000000000000000e+03 5.642857142857143060e+01
3.072000000000000000e+03 5.642857142857143060e+01
3.073000000000000000e+03 5.642857142857143060e+01
3.074000000000000000e+03 5.614285714285714590e+01
3.075000000000000000e+03 5.642857142857143060e+01
3.076000000000000000e+03 5.642857142857143060e+01
3.077000000000000000e+03 5.614285714285714590e+01
3.078000000000000000e+03 5.614285714285714590e+01
3.079000000000000000e+03 5.614285714285714590e+01
3.080000000000000000e+03 5.614285714285714590e+01
3.081000000000000000e+03 5.614285714285714590e+01
3.082000000000000000e+03 5.614285714285714590e+01
3.083000000000000000e+03 5.614285714285714590e+01
3.084000000000000000e+03 5.614285714285714590e+01
3.085000000000000000e+03 5.614285714285714590e+01
3.086000000000000000e+03 5.614285714285714590e+01
3.087000000000000000e+03 5.614285714285714590e+01
3.088000000000000000e+03 5.614285714285714590e+01
3.089000000000000000e+03 5.614285714285714590e+01
3.090000000000000000e+03 5.614285714285714590e+01
3.091000000000000000e+03 5.614285714285714590e+01
3.092000000000000000e+03 5.614285714285714590e+01
3.093000000000000000e+03 5.614285714285714590e+01
3.094000000000000000e+03 5.614285714285714590e+01
3.095000000000000000e+03 5.614285714285714590e+01
3.096000000000000000e+03 5.614285714285714590e+01
3.097000000000000000e+03 5.614285714285714590e+01
3.098000000000000000e+03 5.614285714285714590e+01
3.099000000000000000e+03 5.614285714285714590e+01
3.100000000000000000e+03 5.614285714285714590e+01
3.101000000000000000e+03 5.614285714285714590e+01
3.102000000000000000e+03 5.614285714285714590e+01
3.103000000000000000e+03 5.614285714285714590e+01
3.104000000000000000e+03 5.614285714285714590e+01
3.105000000000000000e+03 5.614285714285714590e+01
3.106000000000000000e+03 5.614285714285714590e+01
3.107000000000000000e+03 5.614285714285714590e+01
3.108000000000000000e+03 5.614285714285714590e+01
3.109000000000000000e+03 5.614285714285714590e+01
3.110000000000000000e+03 5.614285714285714590e+01
3.111000000000000000e+03 5.614285714285714590e+01
3.112000000000000000e+03 5.614285714285714590e+01
3.113000000000000000e+03 5.614285714285714590e+01
3.114000000000000000e+03 5.614285714285714590e+01
3.115000000000000000e+03 5.614285714285714590e+01
3.116000000000000000e+03 5.614285714285714590e+01
3.117000000000000000e+03 5.614285714285714590e+01
3.118000000000000000e+03 5.614285714285714590e+01
3.119000000000000000e+03 5.614285714285714590e+01
3.120000000000000000e+03 5.614285714285714590e+01
3.121000000000000000e+03 5.614285714285714590e+01
3.122000000000000000e+03 5.614285714285714590e+01
3.123000000000000000e+03 5.614285714285714590e+01
3.124000000000000000e+03 5.614285714285714590e+01
3.125000000000000000e+03 5.614285714285714590e+01
3.126000000000000000e+03 5.614285714285714590e+01
3.127000000000000000e+03 5.614285714285714590e+01
3.128000000000000000e+03 5.614285714285714590e+01
3.129000000000000000e+03 5.614285714285714590e+01
3.130000000000000000e+03 5.614285714285714590e+01
3.131000000000000000e+03 5.614285714285714590e+01
3.132000000000000000e+03 5.614285714285714590e+01
3.133000000000000000e+03 5.614285714285714590e+01
3.134000000000000000e+03 5.614285714285714590e+01
3.135000000000000000e+03 5.614285714285714590e+01
3.136000000000000000e+03 5.614285714285714590e+01
3.137000000000000000e+03 5.614285714285714590e+01
3.138000000000000000e+03 5.614285714285714590e+01
3.139000000000000000e+03 5.614285714285714590e+01
3.140000000000000000e+03 5.614285714285714590e+01
3.141000000000000000e+03 5.614285714285714590e+01
3.142000000000000000e+03 5.614285714285714590e+01
3.143000000000000000e+03 5.614285714285714590e+01
3.144000000000000000e+03 5.614285714285714590e+01
3.145000000000000000e+03 5.614285714285714590e+01
3.146000000000000000e+03 5.614285714285714590e+01
3.147000000000000000e+03 5.614285714285714590e+01
3.148000000000000000e+03 5.614285714285714590e+01
3.149000000000000000e+03 5.614285714285714590e+01
3.150000000000000000e+03 5.614285714285714590e+01
3.151000000000000000e+03 5.614285714285714590e+01
3.152000000000000000e+03 5.614285714285714590e+01
3.153000000000000000e+03 5.614285714285714590e+01
3.154000000000000000e+03 5.614285714285714590e+01
3.155000000000000000e+03 5.614285714285714590e+01
3.156000000000000000e+03 5.614285714285714590e+01
3.157000000000000000e+03 5.614285714285714590e+01
3.158000000000000000e+03 5.614285714285714590e+01
3.159000000000000000e+03 5.614285714285714590e+01
3.160000000000000000e+03 5.614285714285714590e+01
3.161000000000000000e+03 5.614285714285714590e+01
3.162000000000000000e+03 5.614285714285714590e+01
3.163000000000000000e+03 5.614285714285714590e+01
3.164000000000000000e+03 5.614285714285714590e+01
3.165000000000000000e+03 5.614285714285714590e+01
3.166000000000000000e+03 5.614285714285714590e+01
3.167000000000000000e+03 5.614285714285714590e+01
3.168000000000000000e+03 5.614285714285714590e+01
3.169000000000000000e+03 5.614285714285714590e+01
3.170000000000000000e+03 5.614285714285714590e+01
3.171000000000000000e+03 5.614285714285714590e+01
3.172000000000000000e+03 5.614285714285714590e+01
3.173000000000000000e+03 5.614285714285714590e+01
3.174000000000000000e+03 5.614285714285714590e+01
3.175000000000000000e+03 5.614285714285714590e+01
3.176000000000000000e+03 5.614285714285714590e+01
3.177000000000000000e+03 5.614285714285714590e+01
3.178000000000000000e+03 5.614285714285714590e+01
3.179000000000000000e+03 5.614285714285714590e+01
3.180000000000000000e+03 5.614285714285714590e+01
3.181000000000000000e+03 5.614285714285714590e+01
3.182000000000000000e+03 5.614285714285714590e+01
3.183000000000000000e+03 5.614285714285714590e+01
3.184000000000000000e+03 5.614285714285714590e+01
3.185000000000000000e+03 5.614285714285714590e+01
3.186000000000000000e+03 5.614285714285714590e+01
